
1.614223	1.467443	1.340952	1.310727	1.263789	1.215325	1.163023	1.004901	1.004658	0.9508954	0.9395363	0.895022	0.8703066	0.8449464	0.843091	0.8257751	0.8018191	0.7764397	0.753354	0.7316023	0.690712	0.6738467	0.6234353	0.5596192	0.5306335	0.5186473	0.5178776	0.4778297	0.3963215	0.3382882	0.3109887	0.3038484	0.291713	0.2296112	0.2167374	0.06289753	0	0	0	0	0	0	0	0	0	0	0	0	0	0	0	0	0	0	0	0	0	0	0	0	
2.082324	2.015889	1.741532	1.614223	1.467443	1.414796	1.340952	1.321813	1.310727	1.288431	1.263789	1.223888	1.215325	1.197136	1.187807	1.163023	1.151151	1.115836	1.113704	1.004901	1.004658	0.9737713	0.9508954	0.9433479	0.9395363	0.9078984	0.895022	0.8703066	0.8449464	0.843091	0.8309265	0.8257751	0.8018191	0.7764397	0.753832	0.753354	0.7316023	0.666555	0.6510223	0.6405659	0.5890942	0.5687403	0.5500305	0.5137142	0.3987496	0.09846003	0.09752136	0.04900688	0	0	0	0	0	0	0	0	0	0	0	0	
2.082324	2.015889	1.793103	1.741532	1.614223	1.521331	1.467443	1.439206	1.414796	1.342401	1.340952	1.321813	1.310727	1.288431	1.276524	1.267464	1.263789	1.223888	1.215325	1.197136	1.187807	1.163023	1.159253	1.151151	1.115836	1.113704	1.018569	1.004901	0.9995254	0.9993485	0.9909405	0.9747316	0.9397873	0.9372053	0.9324141	0.9252293	0.9211692	0.9202226	0.9142399	0.8415921	0.8021035	0.7990839	0.7645692	0.6962358	0.6854773	0.6785154	0.6656529	0.5204731	0.3085832	0.2795056	0.2265595	0.08873271	0	0	0	0	0	0	0	0	
2.082324	2.015889	1.949616	1.793103	1.744105	1.741532	1.694418	1.614223	1.521331	1.499795	1.467443	1.439206	1.414796	1.378332	1.350666	1.342401	1.340952	1.321813	1.310727	1.288431	1.287587	1.276524	1.267464	1.263789	1.223888	1.223698	1.215325	1.197136	1.184896	1.102133	1.00456	0.9752193	0.9340515	0.9295415	0.9219659	0.9145232	0.9072105	0.8976613	0.8673729	0.8562856	0.8017234	0.7635289	0.7315247	0.676781	0.6631649	0.6428583	0.5388338	0.4940135	0.4759094	0.3837813	0.3799943	0.2800196	0.1825818	0.139663	0	0	0	0	0	0	
2.164018	2.082324	2.037794	2.015889	1.949616	1.793103	1.744105	1.741532	1.694418	1.614223	1.521331	1.499795	1.467443	1.456527	1.439206	1.414796	1.378332	1.376145	1.350666	1.342401	1.340952	1.321813	1.310727	1.288431	1.259669	1.246177	1.223949	1.2022	1.190188	1.134807	1.090765	1.046137	1.043615	1.000944	0.9301559	0.8892979	0.8642694	0.8519386	0.7977711	0.7637378	0.7288852	0.6817467	0.6548285	0.6458891	0.6427886	0.534033	0.5034804	0.4931733	0.2153959	0.139931	0	0	0	0	0	0	0	0	0	0	
4.425823	2.164018	2.106478	2.082324	2.037794	2.015889	1.949616	1.86362	1.793103	1.744105	1.741532	1.694418	1.634246	1.628562	1.614223	1.583203	1.547503	1.521331	1.499795	1.467443	1.456527	1.439206	1.414796	1.378332	1.376145	1.350666	1.342401	1.34035	1.308149	1.214153	1.161741	1.118413	1.112856	1.052238	0.9838726	0.9795069	0.9063054	0.9023275	0.8915005	0.8825625	0.8266237	0.7715265	0.7614118	0.7084752	0.6750425	0.654408	0.6537309	0.506098	0.04352311	0	0	0	0	0	0	0	0	0	0	0	
4.425823	2.70335	2.650803	2.596256	2.533676	2.345857	2.319734	2.164018	2.106478	2.082324	2.037794	2.015889	1.949616	1.923229	1.86362	1.793103	1.744105	1.741532	1.694418	1.636049	1.634246	1.628562	1.625767	1.614223	1.583203	1.547503	1.521331	1.499795	1.489079	1.467443	1.417198	1.398047	1.381664	1.144522	1.076077	1.05532	1.00382	0.9397317	0.9299278	0.923717	0.9140254	0.8855317	0.8747765	0.8422453	0.8331921	0.7871497	0.7790094	0.7701869	0.763819	0.7372254	0.7240834	0.6616157	0.6587212	0.5747454	0.5167202	0.3734609	0.3204941	0	0	0	
5.844142	4.425823	3.539024	2.793753	2.745816	2.70335	2.650803	2.596256	2.533676	2.345857	2.319734	2.242643	2.164018	2.106478	2.082324	2.037794	2.019208	2.015889	1.960491	1.949616	1.923229	1.891434	1.870542	1.86362	1.793103	1.767524	1.744105	1.741532	1.702923	1.694418	1.638171	1.636049	1.604848	1.581491	1.43224	1.424065	1.363249	1.340042	1.276099	1.171006	1.14765	1.14329	1.116346	1.089224	1.053319	0.9635244	0.9012612	0.9005859	0.8732253	0.8463602	0.8191689	0.7944524	0.7832372	0.578689	0.5466241	0.1559045	0.1454715	0.1082628	0	0	
5.844142	4.425823	4.033985	3.539024	3.091187	2.887068	2.793753	2.774641	2.745816	2.70335	2.67556	2.650803	2.632968	2.596256	2.535098	2.533676	2.345857	2.319734	2.242643	2.164018	2.106478	2.082324	2.037794	2.019208	2.015889	1.960491	1.949616	1.813085	1.700189	1.666128	1.601234	1.597491	1.58786	1.551277	1.53408	1.478966	1.468744	1.38987	1.338702	1.259154	1.224531	1.210683	1.147272	0.9923403	0.9374049	0.9233675	0.8673301	0.866147	0.8592319	0.8113793	0.8064395	0.8035977	0.7944524	0.694847	0.6704448	0.6067835	0.5379832	0.3709407	0.3360211	0	
6.044224	5.844142	4.425823	4.033985	3.539024	3.518477	3.501927	3.383409	3.091187	2.887068	2.793753	2.774641	2.745816	2.70335	2.67556	2.650803	2.632968	2.596256	2.535098	2.533676	2.434618	2.406385	2.348544	2.345857	2.319734	2.242643	2.164018	2.04941	1.975257	1.746694	1.606311	1.565738	1.53508	1.443799	1.382682	1.245689	1.194055	1.137557	1.130469	1.129435	1.115039	1.091159	1.079583	1.009361	0.9333246	0.9170328	0.8837468	0.872063	0.790301	0.7834293	0.7779309	0.6525933	0.6392984	0.6376273	0.3797796	0.09313691	0	0	0	0	
6.044224	5.844142	4.425823	4.189195	4.158078	4.100945	4.033985	3.93066	3.547969	3.539024	3.518477	3.501927	3.383409	3.091187	2.887068	2.793753	2.774641	2.745816	2.70335	2.67556	2.650803	2.632968	2.596256	2.535098	2.533676	2.484548	2.24145	2.07892	2.035813	1.987613	1.781442	1.699651	1.590059	1.328107	1.305612	1.204252	1.175287	1.173316	1.165237	1.164362	1.148874	1.129934	1.123785	1.096149	1.078432	1.060755	1.023592	1.002234	0.9750315	0.9716192	0.9034538	0.8927912	0.8450755	0.6581889	0.6302376	0.5797935	0.5147085	0.2819434	0.1708193	0	
6.044224	5.844142	5.131757	5.09121	4.802989	4.794994	4.425823	4.189195	4.158078	4.100945	4.033985	3.999058	3.93066	3.547969	3.539024	3.518477	3.501927	3.383409	3.275472	3.091187	2.887068	2.793753	2.774641	2.745816	2.70335	2.67556	2.517465	2.444739	2.302892	1.932556	1.872451	1.839185	1.814326	1.80014	1.795131	1.742355	1.737855	1.554908	1.301665	1.26211	1.258916	1.13178	1.131295	1.098166	1.095082	1.066983	1.039707	1.037343	1.023468	0.9632009	0.8704785	0.8556951	0.8211454	0.7876927	0.7840854	0.7479197	0.7187619	0.6835489	0.6570321	0.6371881	
6.044224	5.844142	5.131757	5.09121	4.802989	4.794994	4.425823	4.189195	4.158078	4.100945	4.033985	4.025856	3.999058	3.93066	3.900336	3.8647	3.547969	3.539024	3.518477	3.501927	3.425678	3.383409	3.349654	3.275472	3.091187	3.090349	2.943879	2.808243	2.728474	2.573514	2.400648	2.39744	2.245688	2.190379	2.034962	1.931241	1.795131	1.788748	1.720685	1.520459	1.47811	1.43	1.32	1.226382	1.089462	1.056524	1.035074	1.018916	1.016768	0.9366645	0.83619	0.810791	0.7958043	0.7630513	0.6631222	0.5931962	0.5640958	0.5117762	0.2072496	0	
7.190176	6.044224	5.844142	5.131757	5.09121	4.802989	4.794994	4.425823	4.189195	4.158078	4.100945	4.033985	4.025856	3.999058	3.993146	3.986411	3.93066	3.900336	3.8647	3.641737	3.547969	3.539024	3.518477	3.501927	3.326129	3.265842	3.121999	2.97312	2.938204	2.359922	2.299417	2.202019	2.011122	1.973159	1.966063	1.92149	1.810965	1.699509	1.543899	1.488973	1.462234	1.441788	1.337383	1.331256	1.294681	1.28187	1.082191	1.051999	0.9594201	0.8706861	0.8668429	0.8161922	0.8083684	0.6819494	0.52692	0.5133551	0.4790027	0.4091742	0.3279647	0	
7.190176	6.044224	5.844142	5.699478	5.583779	5.131757	5.09121	4.802989	4.794994	4.425823	4.39173	4.331429	4.189195	4.158078	4.100945	4.033985	4.028605	4.025856	3.999058	3.993146	3.986411	3.93066	3.900336	3.8647	3.641737	3.425153	3.210139	2.940131	2.741528	2.628077	2.383608	2.325174	2.31963	2.315239	2.260938	2.257605	2.144609	2.004859	1.9936	1.834218	1.765708	1.6644	1.628258	1.609747	1.555642	1.520082	1.493319	1.475731	1.411986	1.358774	1.356868	1.280859	1.233094	1.100743	1.095087	0.9708583	0.8743145	0.8706861	0.5637509	0.3798209	
7.190176	7.118542	6.044224	5.844142	5.699478	5.583779	5.514346	5.131757	5.09121	4.802989	4.794994	4.425823	4.40652	4.39173	4.389655	4.331429	4.241541	4.189195	4.158078	4.100945	4.033985	4.028605	4.025856	3.999058	3.993146	3.775128	3.6543	3.604953	3.547274	3.538792	3.40207	3.162557	3.052595	3.008624	2.906307	2.619785	2.499059	2.471872	2.380753	2.268397	2.260695	2.258543	2.21774	2.1658	2.050928	2.049007	2.002481	1.937909	1.549222	1.501729	1.498389	1.399263	1.212319	1.071626	1.016064	0.8779273	0.7056157	0.3036091	0.04791898	0	
7.190176	7.118542	6.957759	6.773733	6.044224	5.844142	5.824641	5.699478	5.583779	5.514346	5.487655	5.441128	5.131757	5.09121	4.87211	4.802989	4.794994	4.664737	4.425823	4.40652	4.398935	4.39173	4.389655	4.331429	4.285008	4.27119	4.241541	4.214102	4.189195	4.158078	4.100945	4.024519	3.915231	3.288192	3.010963	2.898873	2.859053	2.827775	2.822104	2.583163	2.395925	2.12683	1.985011	1.968984	1.951398	1.90928	1.905296	1.756126	1.736229	1.713547	1.585828	1.556098	1.508349	1.46904	1.198078	1.063693	0.8376851	0.6168998	0.5007307	0.4875288	
7.688643	7.190176	7.118542	6.957759	6.787605	6.773733	6.581384	6.203075	6.044224	5.885381	5.844142	5.842439	5.824641	5.699478	5.621165	5.583779	5.514346	5.487655	5.441128	5.246033	5.228789	5.131757	5.09121	4.960893	4.87211	4.860242	4.802989	4.794994	4.664737	4.656562	4.425823	4.40652	4.334996	4.115163	3.997052	3.765309	3.605273	3.370708	3.245888	3.238484	3.175301	3.13833	3.120893	3.065026	3.057983	2.965872	2.654237	2.480836	2.448262	2.407541	2.274208	2.26261	2.134815	2.027025	1.836663	1.808675	1.135335	0.856856	0.7479638	0.5452011	
7.688643	7.190176	7.118542	6.957759	6.787605	6.773733	6.708243	6.6161	6.581384	6.203075	6.124917	6.044224	5.885381	5.844142	5.842439	5.824641	5.699478	5.621165	5.613398	5.583779	5.514346	5.487655	5.46698	5.441128	5.379934	5.246033	5.109424	4.944997	4.923843	4.580596	4.461052	4.430939	4.428541	4.39275	4.384912	4.373866	4.203952	4.203353	3.956393	3.855515	3.43162	3.407276	3.403177	3.367324	2.947018	2.841976	2.71477	2.688096	2.55647	2.552473	2.293226	2.279561	2.101063	1.845823	1.476097	1.240337	1.104558	1.043885	0.7150531	0.3874465	
7.688643	7.190176	7.118542	6.957759	6.821974	6.787605	6.773733	6.757487	6.708243	6.6161	6.581384	6.203075	6.124917	6.044224	6.035893	5.885381	5.844142	5.842439	5.824641	5.699478	5.62539	5.621165	5.613398	5.583779	5.127335	4.792985	4.508041	4.408525	4.337258	4.292124	4.289156	4.234406	4.138385	4.112116	4.081676	4.080367	3.409477	3.38025	3.333707	2.987773	2.543015	2.534553	2.528678	2.479427	2.030468	1.906221	1.891135	1.55721	1.469567	1.466501	1.449813	1.240713	1.215111	1.18517	0.9229685	0.6822988	0.6129774	0.5803934	0.2603924	0	
8.470588	7.688643	7.190176	7.118542	6.957759	6.821974	6.787605	6.773733	6.764449	6.757487	6.708243	6.6161	6.581384	6.203075	6.177794	6.124917	6.044224	6.035893	6.025887	5.943338	5.885381	5.844142	5.842439	5.824641	5.699478	5.60025	5.53683	5.479554	5.341469	5.303488	5.259807	4.707836	4.705747	4.360915	4.131359	3.603468	3.584146	3.131487	3.027646	3.008828	2.817476	2.780112	2.089809	1.941127	1.796279	1.768817	1.717197	1.462409	1.234988	1.081415	0.9528301	0.8315739	0.8234461	0.8220821	0.7888958	0.7589849	0.7296925	0.6937409	0.5803934	0.2652873	
8.49753	8.470588	7.959454	7.688643	7.222221	7.190176	7.118542	6.957759	6.874784	6.821974	6.787605	6.773733	6.764449	6.757487	6.708243	6.703056	6.6161	6.581384	6.203075	6.177794	6.124917	6.044224	6.035893	6.025887	5.943338	5.520468	5.506553	5.380025	5.271607	5.114586	4.898994	4.588219	4.582729	4.154008	4.143353	4.111129	3.907841	3.738747	3.536743	3.503253	3.190221	3.06686	2.152625	1.944585	1.885128	1.739843	1.730305	1.590273	1.585689	1.506278	1.47229	1.470195	1.466827	1.205952	1.009412	1.001629	0.8369529	0.7834543	0.6832667	0.6607982	
8.49753	8.470588	8.269033	7.959454	7.759455	7.688643	7.579095	7.479174	7.222221	7.190176	7.118542	6.957759	6.874784	6.821974	6.787605	6.773733	6.772288	6.764449	6.757487	6.708243	6.703056	6.6161	6.581384	6.456625	6.203075	6.177794	5.788544	5.77598	5.411612	5.288456	5.174667	4.989064	4.877796	4.861852	4.848888	4.830647	4.730475	4.571251	4.464907	4.389455	4.205943	4.030021	3.750913	3.501245	3.482407	3.480654	3.478517	3.19171	2.697507	2.640366	1.788759	1.787676	1.636326	1.493351	1.249324	1.205167	1.091756	0.835828	0.7500945	0	
8.49753	8.470588	8.269033	7.959454	7.759455	7.748525	7.688643	7.591056	7.579095	7.479174	7.222221	7.190176	7.132793	7.118542	7.0832	6.957759	6.874784	6.821974	6.787605	6.773733	6.772288	6.764449	6.757487	6.708243	6.693854	6.530166	6.344618	6.289262	6.076016	6.03844	5.980777	5.525003	5.523677	5.454742	5.227246	4.950328	4.730114	4.714153	4.107646	4.051568	3.880744	3.869009	3.803702	3.758195	3.75161	3.71912	3.328256	3.009199	2.948021	2.679638	2.293152	2.267967	1.612211	1.152951	1.037514	0.8229778	0.6597482	0.5719573	0.380401	0.3209874	
10.80777	8.811448	8.49753	8.470588	8.269033	7.959454	7.81445	7.759455	7.748525	7.688643	7.66849	7.591056	7.579095	7.479174	7.222221	7.20992	7.190176	7.132793	7.118542	7.0832	6.967383	6.957759	6.874784	6.821974	6.787605	6.773733	6.466223	6.292526	6.289166	6.21699	5.7088	5.68228	5.352961	5.247052	5.239369	5.140961	4.937957	4.763976	4.710621	4.610036	4.485128	4.428228	4.058698	4.028892	3.999706	3.936231	3.890709	3.738978	3.725841	3.435669	3.103899	2.982589	2.715233	2.699164	2.558165	2.330283	2.137145	0.8145491	0.7115127	0.5719573	
10.80777	8.811448	8.49753	8.470588	8.269033	8.236621	7.973804	7.959454	7.81445	7.759455	7.748525	7.688643	7.683959	7.66849	7.591056	7.579095	7.479174	7.222221	7.210694	7.20992	7.190176	7.13662	7.132793	7.118542	7.0832	6.736536	6.634547	6.385258	6.138472	5.764982	5.708835	5.404042	4.874817	4.489659	4.485652	4.431129	4.430085	4.401971	4.395125	4.352295	4.315495	4.248664	3.881143	3.820172	3.559492	3.552714	3.486507	3.232632	3.227072	2.922871	2.805815	2.689641	2.449754	2.43864	1.591241	1.514763	0.7648598	0.6237978	0	0	
10.80777	10.56936	9.558807	8.811448	8.49753	8.470588	8.269033	8.236621	7.973804	7.959454	7.81445	7.759455	7.748525	7.731265	7.688643	7.683959	7.66849	7.591056	7.579095	7.479174	7.222221	7.210694	7.20992	7.154183	7.062211	6.89291	6.857295	6.791827	6.731761	6.65937	6.607819	6.287433	6.228872	6.045494	5.66118	5.634422	5.372626	5.09089	5.070046	5.057847	4.951834	4.496778	4.429409	4.291187	4.137476	4.013117	3.783574	3.653759	3.647311	3.636552	3.617158	3.476013	3.258163	3.053349	2.817825	2.595096	2.530869	2.18601	1.429062	0.3197868	
10.80777	10.56936	9.810816	9.558807	9.409666	8.811448	8.49753	8.470588	8.303525	8.269033	8.237704	8.236621	7.973804	7.959454	7.81445	7.759455	7.750615	7.748525	7.733634	7.731265	7.688643	7.683959	7.66849	7.591056	7.579095	7.482852	7.479174	6.705389	6.182295	6.135265	6.07472	5.851794	5.617729	5.398296	5.30178	5.222841	5.143171	5.061167	4.972951	4.972229	4.954555	4.895472	4.820446	4.694648	4.677296	4.613841	4.605127	4.595341	4.141314	3.979328	3.948493	3.652016	3.59135	3.463495	3.337874	2.915526	2.455031	1.923794	1.716936	1.22957	
10.80777	10.56936	10.42492	9.810816	9.558807	9.409666	8.811448	8.596481	8.49753	8.470588	8.403693	8.303525	8.269033	8.237704	8.236621	8.201763	8.11501	8.104321	7.973804	7.959454	7.81445	7.811163	7.759455	7.750615	7.748525	7.733634	7.731265	7.649127	7.54393	7.514196	7.303886	7.07508	7.057008	7.004247	6.746031	6.511072	6.211098	5.994804	5.974986	5.577857	5.567068	5.255691	5.221616	5.138155	5.124854	4.92498	4.866274	4.609064	4.354871	4.111115	3.979328	3.91318	3.691988	3.424187	3.129205	1.872796	1.657204	1.620231	1.470508	0.5336285	
10.80777	10.56936	10.42492	10.12557	9.908887	9.810816	9.558807	9.409666	9.245029	8.811448	8.715193	8.596481	8.49753	8.470588	8.446781	8.403693	8.303525	8.301437	8.269033	8.237704	8.236621	8.201763	8.11501	8.104321	7.973804	7.959454	7.621734	7.501069	6.968215	6.811201	6.551237	6.527076	6.454477	6.145167	6.084266	6.021678	5.927688	5.904625	5.744205	5.676425	5.578916	5.23474	4.970295	4.69745	4.511365	4.221148	4.047561	3.754959	3.719018	3.626318	3.544538	3.325664	2.641779	1.866929	1.470113	1.133498	1.070088	1.040869	0.9447621	0	
10.80777	10.56936	10.42492	10.12557	9.908887	9.87946	9.810816	9.558807	9.409666	9.245029	9.240908	9.232654	8.811448	8.715193	8.596481	8.508525	8.49753	8.470588	8.446781	8.429485	8.403693	8.303525	8.301437	8.269033	8.237704	8.16902	8.153182	7.733692	6.754528	6.717331	6.574188	6.48193	6.338988	5.953195	5.948006	5.661485	5.651578	5.551495	5.501536	5.420671	5.308118	5.253102	5.195021	5.175221	5.166097	5.107511	4.941448	4.910166	4.640973	4.60869	4.340848	4.11155	3.116499	2.814209	1.174071	1.103638	0.9609686	0.9293289	0.6960111	0.2867825	
10.80777	10.74364	10.69955	10.56936	10.42492	10.12557	9.980242	9.908887	9.87946	9.810816	9.558807	9.409666	9.245029	9.240908	9.232654	9.000648	8.811448	8.715193	8.596481	8.508525	8.49753	8.470588	8.446781	8.429485	8.086108	7.729536	7.671022	7.609119	7.54742	7.505497	6.962792	6.860548	6.670672	6.598323	6.501672	6.272445	6.169979	6.119811	6.095395	6.053735	5.937129	5.484897	5.367904	5.068809	4.821931	4.471594	4.448763	4.358459	3.899683	3.836082	3.108176	2.934006	2.84479	2.640699	2.608536	1.77889	1.488394	0.9260581	0.3619618	0	
11.92181	10.80777	10.74364	10.69955	10.65512	10.56936	10.42492	10.12557	10.10986	9.980242	9.974845	9.908887	9.87946	9.810816	9.558807	9.409666	9.359264	9.245029	9.240908	9.232654	9.000648	8.811448	8.796729	8.715193	8.662464	8.596481	8.508525	8.40773	8.093323	7.842553	7.708242	7.635872	7.452562	7.349774	7.269101	7.077058	6.925426	6.788122	6.247586	5.984535	5.827407	5.714237	5.676337	5.53327	5.520621	5.36956	5.331425	4.943182	4.549744	4.476413	3.914669	3.837327	3.651264	3.291676	3.250155	3.22518	1.856463	0.9749151	0	0	
13.70781	11.92181	11.56992	10.80777	10.8026	10.74364	10.69955	10.65512	10.56936	10.42492	10.12557	10.10986	9.980242	9.974845	9.961281	9.908887	9.87946	9.810816	9.558807	9.449596	9.409666	9.359264	9.245029	9.240908	9.232654	8.497753	8.383568	7.870096	7.778131	7.712804	7.670277	7.659446	7.583786	7.533745	7.400272	7.222492	7.085402	7.080912	7.080789	7.072496	6.664521	6.584237	6.455705	6.22024	6.134478	6.037738	5.897671	5.746608	5.668475	5.599355	4.897696	3.949889	3.852182	3.835036	3.334024	2.579457	2.551702	2.091926	1.54692	1.238222	
13.70781	11.92181	11.56992	10.98653	10.83005	10.80777	10.8026	10.74364	10.69955	10.65512	10.56936	10.42492	10.17622	10.12557	10.10986	9.980242	9.974845	9.961281	9.908887	9.87946	9.810816	9.702979	9.558807	9.449596	9.203293	8.885536	8.859218	8.54563	7.972073	7.937281	7.812362	7.704366	7.55284	7.208713	7.114842	7.027887	6.976047	6.784214	6.632115	6.544827	6.247602	6.008381	5.843805	5.794584	5.729904	5.636703	5.558426	5.30791	5.249568	4.749002	4.70377	4.149913	3.607366	1.892931	1.681026	0.8795242	0.7714395	0.4814876	0	0	
13.70781	12.30884	12.02981	11.92181	11.56992	10.98653	10.83005	10.80777	10.8026	10.74364	10.69955	10.65512	10.56936	10.42492	10.38718	10.17622	10.12557	10.10986	10.09426	9.980242	9.974845	9.961281	9.908887	9.87946	9.86112	9.56414	9.203293	8.968608	8.967345	8.382882	8.311009	8.207122	8.032555	7.859737	7.685908	7.559387	7.247479	7.160109	6.966384	6.746634	6.222227	6.037933	5.997236	5.837162	5.71398	5.51413	5.391306	5.317648	5.262847	5.204986	5.04523	4.818871	4.295056	3.940139	2.207496	1.332147	1.120373	0.818794	0.5236763	0.4527665	
13.70781	12.74917	12.30884	12.189	12.02981	11.92181	11.56992	10.98653	10.95082	10.83005	10.80777	10.8026	10.74364	10.69955	10.65512	10.56936	10.42492	10.38718	10.17622	10.12557	10.10986	10.10745	10.09426	9.980242	9.810651	9.375032	9.270835	8.910536	8.837888	8.813273	8.679968	8.568637	8.548134	8.515098	8.380719	8.14012	8.082868	7.901388	7.609165	7.254298	7.229151	7.207752	7.073503	6.771281	6.600879	6.373204	6.141447	6.029514	5.884258	5.808405	5.644251	5.374026	3.31877	2.83408	2.776078	2.610855	1.726708	0.3584549	0	0	
14.05116	13.70781	12.74917	12.30884	12.189	12.02981	11.92181	11.56992	11.32204	10.98653	10.95082	10.93208	10.85188	10.83005	10.82412	10.80777	10.8026	10.74364	10.69955	10.65512	10.56936	10.42492	10.38718	10.17622	10.14593	10.12557	9.900736	9.85546	9.617636	9.566622	9.473988	9.395187	9.011341	8.73396	8.705119	8.584862	8.422867	8.093209	7.766139	7.648454	7.554523	7.196571	7.080032	7.046273	6.378444	6.313468	5.689716	5.663054	5.514149	5.4491	4.892962	4.545802	4.223389	4.10045	3.55998	1.088513	0.1579035	0	0	0	
14.05116	13.70781	13.16304	12.95156	12.74917	12.50768	12.30884	12.22003	12.189	12.02981	11.92181	11.74633	11.56992	11.32204	11.12959	10.98653	10.95082	10.93208	10.85188	10.83005	10.82412	10.80777	10.8026	10.74364	10.69955	10.65512	10.31375	10.19501	9.921425	9.374816	9.142509	9.028895	8.569173	8.206228	7.797628	7.751585	7.365803	7.311412	7.038039	6.672631	6.631269	6.60304	6.318963	5.691521	5.508112	5.423315	5.349277	5.325169	5.230332	4.869109	4.818446	4.37254	3.901055	3.743212	3.357082	3.240351	1.579185	1.48113	0.119531	0	
14.05116	13.70781	13.16304	12.95156	12.74917	12.50768	12.30884	12.22003	12.189	12.02981	12.02981	11.92181	11.78852	11.74633	11.73553	11.56992	11.32204	11.2379	11.20496	11.12959	10.98653	10.95082	10.93208	10.91643	10.85188	10.83005	10.73095	10.43006	10.19005	9.940697	9.808972	9.748605	9.619378	9.59479	9.481566	9.415128	9.015103	8.961765	8.608139	8.460446	8.422802	8.413614	8.402527	8.159185	8.049033	7.655759	7.239562	7.033692	6.693337	6.532904	6.357603	5.442292	4.978967	4.599801	4.059933	3.542017	2.183352	2.152524	1.319614	1.001438	
14.38272	14.05116	13.70781	13.2525	13.16304	12.95156	12.74917	12.50768	12.30884	12.27243	12.22003	12.189	12.02981	12.02981	11.92181	11.78852	11.74633	11.73553	11.70572	11.68286	11.67889	11.56992	11.32411	11.32204	11.28002	11.2379	11.20496	11.12959	11.09955	11.0005	10.93895	10.86068	10.78902	10.73335	10.64389	10.35618	9.912627	9.887352	9.777209	9.469363	9.199074	9.170321	9.036835	8.966072	8.91507	8.843007	8.71468	8.239655	7.930737	7.73109	7.602713	7.403289	7.362711	7.173907	7.153679	6.201455	6.021448	4.917071	3.80407	2.154369	
14.38272	14.06327	14.05116	13.70781	13.2525	13.189	13.16304	13.05828	12.95156	12.74917	12.50768	12.30884	12.27243	12.22003	12.1967	12.189	12.02981	12.02981	11.92181	11.83981	11.78852	11.76714	11.74633	11.73553	11.70572	11.68286	10.87754	10.6103	10.52756	10.21124	10.11456	10.01103	9.968965	9.842038	9.773294	9.768801	9.698668	9.679338	9.580564	9.3089	8.891633	8.714788	8.589447	8.315859	8.162398	8.077646	8.022334	8.009744	7.975073	7.96163	7.774091	7.150828	6.498556	6.392256	5.226961	5.135159	3.305643	2.517629	1.858338	0	
14.38272	14.12443	14.06327	14.05116	13.70781	13.2525	13.189	13.16304	13.05828	12.95156	12.74917	12.50768	12.45613	12.30884	12.29046	12.27243	12.22003	12.2146	12.1967	12.189	12.02981	12.02981	11.92181	11.83981	11.59037	11.27699	11.1953	11.10584	10.98297	10.82491	10.79569	10.60517	10.5399	10.44153	10.31037	10.22684	10.12797	10.06815	9.995632	9.966833	9.788671	9.648002	9.413856	9.267541	9.184804	9.160892	8.92797	8.889964	8.79026	8.711059	8.184504	8.06432	7.598252	7.25888	7.12804	6.666818	6.389332	6.112816	6.058579	2.291157	
14.38272	14.24951	14.12443	14.06327	14.05116	14.00471	13.70781	13.36737	13.2525	13.189	13.17485	13.16304	13.05828	12.95156	12.90053	12.87811	12.74917	12.70654	12.50768	12.50248	12.47543	12.46655	12.45613	12.38982	12.30884	12.29046	12.27243	12.22003	12.2146	12.1967	12.189	12.12379	10.93546	10.88361	10.80636	10.75259	10.68781	10.68472	10.63732	10.3987	10.12952	10.03042	9.964329	9.940826	9.384272	9.344378	9.337098	9.13439	9.098923	8.798869	8.40028	7.618041	7.600496	7.386139	6.137523	1.174235	0.8412887	0.7315655	0.5208323	0	
14.38272	14.24951	14.12443	14.06327	14.05116	14.00471	13.72178	13.70781	13.36737	13.2525	13.189	13.17485	13.16304	13.0645	13.05828	12.99429	12.95156	12.9041	12.90053	12.87811	12.7754	12.74917	12.73162	12.70654	12.67169	12.50768	12.50248	12.29113	11.98005	11.89076	11.78151	11.56984	11.17286	11.08467	10.9954	10.88747	10.63732	10.545	10.50444	10.38505	10.26776	10.1046	9.707752	9.274086	8.863373	8.706386	7.896522	7.29449	7.206741	7.193345	6.604937	6.59968	6.434395	5.212913	4.932405	1.783665	1.776375	1.273212	0.6973757	0	
14.38272	14.26761	14.24951	14.12443	14.06327	14.05116	14.00471	13.72178	13.70781	13.43737	13.41971	13.36737	13.2525	13.189	13.17485	13.16304	13.0645	13.05828	12.99429	12.98017	12.95156	12.93177	12.9041	12.90053	12.87811	12.67377	12.59272	12.59235	12.40954	12.29075	11.8442	11.69846	11.59282	11.56078	11.53611	11.09852	10.95116	10.89109	10.88776	10.85802	10.82244	10.3865	9.91187	9.629397	9.362175	9.331612	9.111958	9.026094	8.109968	8.003357	6.920631	6.473375	5.833434	4.17066	3.55529	3.182418	2.708401	1.569088	0.8844727	0.7485653	
14.38272	14.35136	14.26761	14.24951	14.17988	14.12443	14.06327	14.05116	14.00471	13.9996	13.9546	13.86943	13.72178	13.70781	13.59395	13.57633	13.52723	13.43737	13.41971	13.36737	13.2525	13.189	13.17485	13.16304	13.0671	13.0645	13.05828	12.99429	12.98017	12.96953	12.92686	12.76146	12.25493	12.15726	12.03206	12.01792	11.91603	11.81874	11.45041	11.26764	10.91977	10.87144	10.73191	10.70678	10.63028	10.06104	9.804118	8.83249	8.249027	8.215793	7.720201	7.176272	6.53641	3.533958	3.317299	2.828561	0.911988	0.8828877	0.7251285	0.6694809	
14.38272	14.35136	14.26761	14.24951	14.23002	14.17988	14.12443	14.07862	14.06327	14.05116	14.01645	14.00471	13.9996	13.9546	13.86943	13.72178	13.70781	13.59395	13.57633	13.52723	13.43737	13.41971	13.36737	13.11558	13.03283	12.90987	12.71177	12.49657	12.39956	12.39688	12.32118	12.31956	11.52881	11.51052	11.50019	11.34782	11.25472	10.99745	10.89095	10.52644	10.36119	9.952477	9.539535	9.44939	9.392698	8.540878	8.376987	8.195945	7.501591	6.229669	5.651537	4.238225	3.840256	3.309751	2.000168	1.982513	1.280625	0.7885476	0.7636983	0.653726	
14.8952	14.84698	14.38272	14.35136	14.26761	14.24951	14.23002	14.17988	14.12443	14.07862	14.06327	14.05116	14.01645	14.00471	13.9996	13.9546	13.86943	13.72178	13.70781	13.59395	13.58602	13.57633	13.52723	13.47133	13.27646	13.26785	13.21449	13.01556	12.76971	12.25299	12.24888	12.11654	12.07587	12.00664	11.86593	11.67854	11.25444	11.23725	11.18757	10.98256	10.17568	10.12117	10.11412	9.945233	9.374426	9.299793	8.490177	8.465816	8.305921	7.198176	7.01074	6.437165	5.703049	5.363101	3.315923	3.240006	2.648122	2.294506	1.496135	0	
15.71851	15.35121	15.34316	14.8952	14.84698	14.49856	14.38272	14.35136	14.26761	14.24951	14.23002	14.17988	14.12443	14.07862	14.06327	14.05116	14.01645	14.00471	13.9996	13.9546	13.86943	13.72178	13.70781	13.62903	13.59395	13.47309	12.70852	12.66334	12.66142	12.46865	12.42744	12.24214	12.20316	12.06867	11.90135	11.89619	11.75878	11.61172	11.0301	10.73398	9.49956	9.451221	9.149337	8.675349	8.657558	8.481985	8.357421	8.039479	7.917856	5.857283	5.482677	5.120139	4.608901	3.791404	3.255317	3.134752	2.982603	2.368957	0.9066682	0.8465407	
15.71851	15.35121	15.34316	14.8952	14.84698	14.49856	14.38272	14.35136	14.26761	14.24951	14.23002	14.19697	14.17988	14.12443	14.07862	14.06327	14.05116	14.01645	14.00471	13.9996	13.9546	13.58609	13.57435	13.52426	13.32899	13.27724	13.12469	12.62167	12.28306	12.20068	12.12479	12.04931	11.54928	11.53309	11.28555	11.28068	11.08225	10.94936	10.8753	10.87266	10.51593	10.47826	9.654747	9.253436	9.085893	8.954095	8.717327	8.400261	8.385274	8.024389	7.711557	7.273128	6.227322	3.953974	3.950814	3.274174	3.255317	3.180372	2.365648	0.7945324	
15.90096	15.71851	15.35121	15.34316	15.11265	15.0925	14.8952	14.84698	14.72184	14.49856	14.4528	14.38272	14.35136	14.26761	14.24951	14.23002	14.19697	14.17988	14.12801	14.12443	14.07862	14.06327	14.05116	14.01645	14.00471	13.9996	13.94427	13.64051	13.57528	13.55827	13.53794	13.36857	13.35943	13.1952	13.08047	12.97626	12.8152	12.38587	12.23847	12.20736	12.13783	12.09983	11.95668	11.36379	11.27103	10.96313	9.995801	9.913212	9.827785	9.01352	8.988788	8.405678	8.046618	7.054475	6.410283	6.095324	5.77457	5.323527	3.57504	2.921354	
15.90096	15.71851	15.35121	15.34316	15.15318	15.11265	15.0925	14.8952	14.84698	14.76812	14.72184	14.71882	14.49856	14.4528	14.38272	14.3726	14.35136	14.27314	14.26761	14.26611	14.24951	14.23002	14.19697	14.17988	14.12801	14.12443	13.95866	13.76658	13.61861	13.29708	13.08413	12.91019	12.90808	12.86894	12.71458	12.32839	12.30667	12.17649	11.72034	11.5831	11.06233	11.05741	10.98541	10.70008	9.998466	9.660648	9.492149	9.073346	8.874011	8.479197	8.334362	8.18263	7.894899	7.653516	6.428458	6.06087	4.189357	3.806326	2.764232	2.408453	
15.90096	15.71851	15.35121	15.34316	15.24761	15.15318	15.11265	15.0925	15.00233	14.94348	14.8952	14.84698	14.76812	14.72184	14.71882	14.49856	14.4528	14.38272	14.3726	14.35136	14.30712	14.27314	14.26761	14.26611	14.19845	14.15689	14.03472	13.93987	13.85715	13.53981	13.50547	13.198	13.19784	12.78514	12.33801	12.13501	11.9309	11.3331	11.23308	11.20982	11.18814	11.10087	10.90077	10.52479	10.32299	10.04954	9.649034	9.290895	8.767818	8.165287	7.872623	7.642945	6.541725	6.437751	5.728873	4.721372	2.862489	2.149916	1.623495	0.05672686	
15.90096	15.71851	15.70323	15.35121	15.34316	15.24761	15.15318	15.11265	15.0925	15.00233	14.94348	14.8952	14.87604	14.84698	14.76812	14.72184	14.71882	14.63887	14.49856	14.4528	14.38272	14.3726	14.35136	14.34692	14.30186	14.27363	14.20799	14.12137	13.99297	13.92901	13.77121	13.67834	13.59977	13.42129	13.38423	13.34716	13.24947	13.03689	12.85292	12.64402	11.98278	11.92202	11.65169	11.55835	11.54662	11.54512	11.08407	11.05388	11.04756	10.71677	10.17791	9.566356	9.03227	8.793002	8.641489	7.50072	7.002639	5.66268	3.20222	1.362201	
15.90096	15.71851	15.70323	15.35121	15.34316	15.24761	15.16842	15.16188	15.15318	15.11265	15.0925	15.00233	14.94348	14.8952	14.87604	14.84698	14.76812	14.72184	14.71882	14.63887	14.49856	14.45883	14.4528	14.3852	14.37485	14.36158	14.19673	14.07236	14.01734	13.86127	13.72312	13.66796	13.64534	13.3258	13.253	13.25041	13.22011	13.15015	12.87252	12.58456	12.37447	12.15981	12.15356	12.03834	11.83337	11.57076	11.52664	11.50138	10.93631	10.32776	9.288498	9.208062	8.994107	8.581316	8.029803	6.941538	6.74276	5.941484	3.659692	0.7672479	
15.90096	15.84654	15.71851	15.70323	15.37876	15.35121	15.34316	15.34134	15.24761	15.21677	15.16842	15.16188	15.15318	15.12813	15.11265	15.0925	15.00233	14.94348	14.93699	14.8952	14.87604	14.84698	14.76812	14.72184	14.71882	14.63887	14.52685	14.48826	14.36393	14.3144	14.22637	14.21092	14.18826	13.90655	13.75193	13.42668	13.23686	13.18155	13.11264	12.96773	12.85531	12.62809	12.36735	12.27838	12.00001	11.83488	11.78659	11.42451	11.37864	10.7265	9.59159	8.47703	8.396595	8.145302	7.734363	5.477438	4.836075	2.753137	1.931841	0	
16.15059	16.06049	15.90096	15.84654	15.71851	15.70323	15.54208	15.37876	15.37339	15.35121	15.34316	15.34134	15.24761	15.22532	15.21677	15.16842	15.16188	15.15318	15.12813	15.11265	15.0925	15.00233	14.94348	14.93699	14.8952	14.60535	14.57663	14.53976	14.53769	14.375	14.19997	13.91255	13.89953	13.68551	13.64671	13.59909	13.1533	12.94102	12.79289	12.77143	12.68917	12.64071	12.62673	12.55832	12.36541	10.53602	10.53116	9.864618	9.627081	9.309709	9.298361	9.169868	9.022381	8.473	7.873304	7.488107	5.149501	2.352506	2.216158	1.913748	
17.3983	16.87625	16.15059	16.06049	16.0347	15.96476	15.90096	15.84654	15.8275	15.71851	15.70323	15.54208	15.52195	15.4059	15.37876	15.37339	15.35121	15.34316	15.34134	15.24761	15.22532	15.21677	15.17899	15.16842	15.16188	15.15318	15.13632	15.12813	15.11265	15.02915	14.86181	14.56446	14.41034	14.34386	14.25062	14.21293	14.08932	13.77626	13.77536	13.68042	13.67582	13.54951	13.02013	12.99933	12.69825	12.16711	12.07934	12.04832	11.94743	11.88418	11.64059	10.19732	8.279298	8.108319	8.089613	7.292377	6.198185	5.96138	5.603795	4.750711	
17.3983	16.87625	16.15059	16.06049	16.0347	15.96476	15.90096	15.84654	15.8275	15.80926	15.71851	15.70323	15.54208	15.52195	15.4059	15.37876	15.37339	15.35121	15.34316	15.34134	15.27695	15.24761	14.78085	14.75667	14.71757	14.71019	14.52683	14.43495	14.41669	14.3012	14.23939	14.2371	14.02118	13.98648	13.9364	13.92309	13.47191	13.31822	13.30669	13.1247	13.00099	12.90577	12.87878	12.58889	12.52039	12.48474	12.37613	12.2622	12.20406	11.9678	11.94271	11.5858	11.49769	11.46931	9.085881	8.52038	8.442045	7.501634	4.111209	2.910939	
17.3983	16.87625	16.15059	16.06049	16.0347	16.03282	15.96476	15.96028	15.90096	15.84654	15.8275	15.80926	15.71851	15.71697	15.70323	15.54208	15.52195	15.51066	15.4059	15.37876	15.37477	15.37339	15.35121	15.34316	15.34134	15.28393	15.11944	15.098	14.66232	14.51899	14.4506	14.43997	14.38878	14.17955	14.13242	14.12166	13.69592	13.62797	13.36814	13.35276	12.87006	12.12086	11.8228	11.40754	11.10189	10.1521	9.44603	8.708629	8.660662	8.621875	7.727952	7.092608	6.873661	5.439563	5.308746	4.246005	3.196301	1.366127	0.9600257	0.4679618	
17.3983	16.87625	16.27909	16.15059	16.09436	16.06049	16.0347	16.03282	15.99109	15.96884	15.96476	15.96028	15.90096	15.84654	15.8275	15.80926	15.71851	15.71697	15.70323	15.68312	15.55065	15.54208	15.52195	15.51066	15.42817	15.4059	15.37876	15.21055	15.14939	15.05753	14.81157	14.7737	14.74261	14.67987	14.65699	14.4463	14.42757	14.11668	14.11119	13.97108	13.9537	13.58097	13.00795	12.79716	12.69155	11.89719	11.15292	10.54303	9.360876	9.235394	8.755069	8.586949	8.080173	8.055351	7.992607	3.616282	2.928288	1.275796	0.7898264	0	
17.3983	16.87625	16.39584	16.27909	16.15059	16.09436	16.06049	16.0347	16.03282	15.99109	15.96884	15.96476	15.96028	15.90096	15.90096	15.84654	15.8275	15.80926	15.75112	15.71851	15.71697	15.70323	15.68312	15.48319	15.27039	14.95886	14.93097	14.91348	14.84106	14.8258	14.71257	14.57883	14.44263	14.3454	14.24532	14.18911	13.78139	13.69714	13.25818	13.18611	12.64814	12.47302	11.86417	11.43938	11.1901	11.05491	11.00804	10.90184	10.44493	9.80678	9.411126	8.880584	8.861074	8.517209	7.982805	7.47668	7.217629	2.592977	2.345743	0	
17.3983	16.87625	16.59673	16.39584	16.27909	16.15059	16.09436	16.06049	16.0347	16.03282	15.99109	15.96884	15.96476	15.96168	15.96028	15.94813	15.90096	15.90096	15.84654	15.8275	15.80926	15.75112	15.71851	15.48891	15.38054	15.35887	15.0725	14.84419	14.7401	14.61259	14.32401	14.16038	14.15568	14.09679	13.91539	13.48525	13.38959	13.32421	13.2564	13.0735	12.78269	12.45502	12.42929	12.3856	11.93258	11.91665	11.10965	10.75613	10.50416	10.18766	9.871312	9.672694	9.378669	8.63351	8.410432	7.817774	6.826722	5.200379	2.920688	1.840379	
17.3983	16.87625	16.59673	16.39584	16.27909	16.15059	16.09436	16.06049	16.0347	16.03282	15.99109	15.96884	15.96476	15.96168	15.96028	15.94813	15.90096	15.90096	15.84654	15.8275	15.75114	15.5	14.97546	14.93981	14.86843	14.86519	14.75215	14.56316	14.49312	14.28932	14.17957	14.11001	14.06922	14.00217	13.99445	13.67083	13.56319	13.31691	13.14509	12.94186	12.90141	12.83747	12.61917	12.37621	12.27254	12.05611	11.87657	11.86934	11.42204	11.02853	10.9229	10.61171	9.721723	9.077374	6.132936	6.069527	4.470778	3.87016	2.732909	0	
17.3983	16.87625	16.59673	16.39584	16.27909	16.15059	16.09436	16.06049	16.0347	16.03282	15.99109	15.96884	15.96476	15.96168	15.96028	15.94813	15.92311	15.90096	15.90096	15.89956	15.84654	15.8275	15.82091	15.62043	15.50917	15.36034	15.3234	15.28992	15.21481	14.87869	14.65755	14.47876	14.27694	14.09853	14.09714	14.0812	13.94735	13.89461	13.63608	13.49866	13.23906	12.7555	12.53495	12.27804	12.26219	12.25613	11.96616	11.82129	11.26702	11.23922	11.18089	11.01772	10.84757	10.41304	10.03255	9.896714	8.497396	8.194533	1.673167	0	
17.3983	16.87625	16.82998	16.59673	16.39584	16.27909	16.17663	16.15059	16.09436	16.06049	16.0347	16.03282	15.99109	15.97473	15.96983	15.96884	15.96476	15.96168	15.96028	15.94813	15.92311	15.90096	15.90096	15.89956	15.84097	15.7663	15.33747	14.70391	14.6751	14.42071	14.39522	14.28937	14.28281	14.18368	14.02903	13.90919	13.7457	13.50363	13.41173	13.36457	12.90276	12.89577	12.63867	12.51836	12.37273	12.2135	11.76428	11.64292	10.87177	10.35894	9.633472	8.82759	8.460362	7.418308	6.507978	6.170466	4.426069	1.589125	1.507322	0	
17.3983	16.87625	16.82998	16.59673	16.588	16.39584	16.27909	16.17663	16.15059	16.13346	16.09436	16.07791	16.06049	16.0347	16.03282	15.99109	15.97473	15.96983	15.96884	15.96476	15.96168	15.96028	15.94813	15.91806	15.6879	15.43378	15.32101	15.23352	15.21368	15.17487	15.08594	15.07724	15.04807	15.01544	14.76707	14.68163	14.67335	14.37008	13.8626	13.23204	12.97233	12.81783	11.887	11.80809	11.64301	11.5818	11.43751	11.13871	10.81738	10.67901	10.54834	10.26257	10.19152	9.86996	9.377148	8.549355	6.821161	6.77499	5.51446	3.847653	
17.3983	16.87625	16.82998	16.59673	16.588	16.39584	16.27909	16.17663	16.15059	16.13346	16.09436	16.07791	16.06049	16.0347	16.03282	16.0203	15.99109	15.97473	15.96983	15.96884	15.96476	15.79628	15.55308	15.30015	14.94067	14.92694	14.82791	14.81711	14.79324	14.61063	14.58222	14.54854	14.54385	14.47361	14.374	14.3333	14.28031	14.20819	14.1507	13.89968	13.83774	13.69137	13.67968	13.53699	13.53639	13.47804	13.0272	12.69906	12.55268	12.27672	11.75345	11.2212	9.549487	8.446321	7.910551	5.812778	5.641128	5.084452	2.956948	2.725214	
17.3983	16.87625	16.82998	16.59673	16.588	16.41887	16.39584	16.27909	16.17663	16.15059	16.13346	16.09436	16.07791	16.06049	16.0347	16.03282	16.0203	15.99109	15.97473	15.96983	15.96884	15.84403	15.67133	15.37238	15.22995	15.09623	14.82034	14.79923	14.74109	14.47935	14.36895	14.12541	14.0508	13.93182	13.92618	13.68964	13.37661	13.32628	13.26053	13.10137	13.01555	12.91238	12.74551	12.09017	11.85046	11.71289	10.93447	10.66964	10.63747	10.50376	9.989393	9.559833	8.919916	8.696731	7.758679	7.25156	5.549746	4.668532	3.606807	1.784737	
17.3983	16.87625	16.82998	16.63897	16.59673	16.588	16.45804	16.41887	16.39584	16.27909	16.22235	16.22156	16.17663	16.17265	16.15059	16.13346	16.09436	16.07791	16.06433	16.06049	16.0347	16.03282	16.0203	15.99109	15.97473	15.96983	15.73795	15.63747	15.39479	15.3292	14.95302	14.59576	14.47227	14.33718	14.21113	14.1296	13.97966	13.84875	13.72943	13.43784	12.88193	12.85541	12.84483	12.82791	12.57646	12.43059	12.25762	12.06177	11.97961	11.81867	10.90868	9.84955	9.757941	9.607095	9.543007	9.201261	8.863397	8.043165	7.411612	2.679955	
17.3983	16.87625	16.82998	16.73904	16.67159	16.63897	16.62401	16.59673	16.588	16.45804	16.41887	16.39584	16.32421	16.27909	16.2559	16.22235	16.22156	16.1782	16.17663	16.17265	16.15059	16.13346	16.09436	16.07791	16.06433	16.06049	15.86417	15.81817	15.7221	15.43561	15.2967	15.28859	15.27959	15.2334	14.99136	14.90353	14.8326	14.80169	14.73684	14.56664	14.14763	14.0431	13.92144	13.65046	13.54074	13.39272	13.31861	13.00629	12.62459	12.14347	11.96964	11.92988	10.09106	9.859213	9.718409	9.442408	9.087243	7.300688	6.997975	4.933352	
17.3983	17.12852	16.87666	16.87625	16.82998	16.73904	16.67159	16.63897	16.62401	16.59673	16.588	16.56471	16.45804	16.41887	16.39584	16.32421	16.27909	16.2559	16.22235	16.22156	16.20805	16.1782	16.17663	16.17265	16.16295	16.0888	16.07797	15.94533	15.69277	15.61982	15.56659	15.38559	15.31563	15.19323	15.18414	15.06366	14.91376	14.71862	14.60803	14.57304	14.52479	14.37521	14.16997	13.8121	13.80948	13.6618	12.67543	12.54252	12.34672	12.03411	10.7212	10.36701	10.14899	9.514179	8.911443	7.95906	7.061252	6.859837	5.161263	4.422353	
17.3983	17.12852	16.87666	16.87625	16.82998	16.73904	16.67159	16.65034	16.63897	16.62401	16.59673	16.588	16.56471	16.50044	16.45804	16.41887	16.4172	16.39584	16.39309	16.32421	16.3091	16.27909	16.2559	16.22235	16.22156	16.20591	16.14753	16.1349	16.04953	15.98928	15.97351	15.93637	15.92651	15.83947	15.4742	15.09647	15.09588	14.95673	14.91391	14.71482	14.65129	14.60183	14.50812	14.02399	14.00345	13.95176	13.62525	13.62337	13.53735	12.98747	12.25272	9.752599	9.175006	8.296993	8.271108	8.086196	6.93064	6.109422	5.172033	3.58164	
17.3983	17.12852	16.87666	16.87625	16.82998	16.73904	16.6855	16.67159	16.65034	16.63897	16.62401	16.59673	16.588	16.56471	16.50044	16.45804	16.41887	16.4172	16.39584	16.39309	16.32421	15.79485	15.58866	15.49097	15.21501	15.20253	15.13631	15.10001	15.01886	14.98095	14.89854	14.76274	14.73844	14.61884	14.48132	14.36512	14.22301	14.21322	14.21234	14.18163	13.6931	13.24251	13.1251	12.84936	12.54348	12.2216	11.9968	11.98407	11.01133	10.89431	10.30353	9.946847	9.910701	9.459583	9.214807	7.227543	7.192968	6.505727	5.783288	2.329051	
17.3983	17.12852	17.12355	17.08704	16.92198	16.87666	16.87625	16.82998	16.73904	16.6855	16.67445	16.67159	16.65034	16.63897	16.62401	16.59673	16.588	16.56471	16.533	16.50044	16.45804	16.41887	16.4172	16.39584	16.39309	15.74178	15.72251	15.66915	15.58677	15.4765	15.45661	15.42931	15.35515	15.28313	15.27731	15.22689	14.89801	14.73423	14.4311	14.3257	14.1221	13.92868	13.85127	13.52969	13.09646	12.5356	12.34858	12.34436	12.2859	12.2853	12.21454	11.89196	11.19961	11.117	10.35987	10.10341	9.811192	8.169636	1.084344	0.4657619	
17.3983	17.12852	17.12355	17.12134	17.08704	16.92198	16.87666	16.87625	16.82998	16.76788	16.73904	16.6855	16.67445	16.67159	16.65034	16.63897	16.63828	16.62401	16.59673	16.588	16.56471	16.533	16.50044	16.45565	16.19051	16.10301	15.89145	15.76338	15.71048	15.70064	15.36978	15.28102	15.13965	14.51072	14.42509	14.40997	14.35811	14.32772	14.14556	13.67444	13.4663	13.43464	13.05806	12.66354	12.52761	12.46316	12.38081	12.28963	11.92997	11.33373	11.26244	9.056716	8.614586	8.570375	7.171093	6.819187	6.510264	6.222651	0.7414405	0.6877636	
17.3983	17.12852	17.12355	17.12134	17.08704	16.92198	16.87833	16.87666	16.87625	16.82998	16.76788	16.73904	16.6855	16.67855	16.67445	16.67159	16.65034	16.63897	16.63828	16.62401	16.59673	16.588	16.33133	16.25394	16.18492	16.17421	16.03737	16.01124	15.52923	15.52805	15.44785	15.38034	15.30623	15.22891	14.91357	14.3696	14.04733	13.75858	13.65499	13.60961	13.10249	12.81658	12.76792	12.34443	12.14894	12.09048	11.4842	11.45234	10.43467	9.150712	8.810268	8.683404	8.367785	5.091756	5.042083	5.010808	4.036118	2.755024	1.368832	0.7420086	
17.3983	17.12852	17.12355	17.12134	17.08704	16.92198	16.87833	16.87666	16.87625	16.82998	16.76788	16.73904	16.6855	16.68384	16.67855	16.67445	16.67159	16.65034	16.63897	16.63828	16.62401	16.55758	16.23959	16.12157	15.98624	15.96123	15.79256	15.5829	15.45166	15.42006	15.36492	15.25792	14.9114	14.79083	14.68277	14.5762	14.55411	14.2768	14.23663	13.99018	13.96291	13.53526	13.50692	13.09782	12.96452	12.93044	12.91354	12.80309	12.68607	12.38887	11.92211	11.88503	11.78803	10.9033	10.80637	10.43222	10.12214	7.610407	6.140615	4.307532	
17.3983	17.12852	17.12355	17.12134	17.08704	16.92198	16.87833	16.87666	16.87625	16.86371	16.82998	16.76788	16.73904	16.6855	16.68384	16.67855	16.67445	16.67159	16.65034	16.63897	16.63828	16.11843	15.88818	15.85899	15.83226	15.42678	15.1419	15.13067	15.12845	15.03306	15.01529	14.94882	14.79288	14.5709	14.5139	14.50477	14.50161	14.33676	14.06288	14.01397	13.96345	13.73506	13.22911	12.23647	12.02319	11.4799	11.42118	11.41384	11.08021	10.55133	10.09735	10.05565	9.901746	9.2768	8.788154	8.472976	8.217072	7.322755	7.165094	6.7009	
17.3983	17.12852	17.12355	17.12134	17.08704	16.92198	16.87833	16.87666	16.87625	16.86371	16.82998	16.76788	16.73904	16.6855	16.68384	16.67855	16.67445	16.67159	16.65034	16.63897	16.39507	16.35145	16.25596	16.13852	15.85115	15.80575	15.70674	15.61933	15.51198	15.48745	15.44159	15.38859	14.8554	14.83726	14.66457	14.59078	14.40957	14.38369	14.33868	14.29726	14.00216	13.99488	13.60569	13.05701	12.83152	12.78856	11.48374	11.45468	11.38324	11.24843	11.14872	11.08769	10.96675	10.35088	10.21018	10.17892	9.526157	9.234063	5.168801	5.160632	
17.3983	17.12852	17.12355	17.12134	17.08704	16.92198	16.87833	16.87666	16.87625	16.87561	16.86371	16.84823	16.82998	16.8146	16.76788	16.76313	16.73904	16.6855	16.68384	16.67855	16.67445	16.67159	16.65034	16.63897	16.56537	16.01705	15.82886	15.78696	15.4866	15.44868	15.40763	15.26478	15.24654	15.10477	15.03285	14.50787	14.4669	14.46166	14.43651	14.3156	14.29755	13.95327	13.78719	12.83745	12.80893	12.54956	12.3212	12.28366	12.26018	11.77857	11.39223	10.63457	10.53194	10.29381	9.499234	9.462016	8.986032	8.350684	6.490896	0.7698206	
17.3983	17.12852	17.12355	17.12134	17.08704	16.92198	16.87833	16.87666	16.87625	16.87561	16.86371	16.84823	16.82998	16.8146	16.79397	16.76788	16.76313	16.73904	16.6855	16.68384	16.67855	16.52974	16.28616	16.19161	16.1564	15.97857	15.936	15.87839	15.7616	15.76104	15.60229	15.5055	15.42836	15.4112	15.33157	14.85502	14.64881	14.58983	14.52876	14.5243	14.46684	14.39146	14.31506	14.07783	13.90041	13.86764	13.56626	13.38855	12.91811	12.70234	12.65738	12.52925	11.47472	10.31953	8.922785	7.193023	4.695302	1.53124	1.134236	0.8464321	
17.3983	17.12852	17.12355	17.12134	17.08704	16.92198	16.87833	16.87666	16.87625	16.87561	16.86371	16.84823	16.82998	16.8146	16.80406	16.79397	16.76788	16.76313	16.73904	16.72763	16.6855	16.68384	16.67699	16.46968	16.27908	16.05295	16.05289	15.97674	15.91888	15.66648	15.43531	15.37377	15.31806	15.26033	15.17724	15.07331	15.05383	14.97282	14.95265	14.48913	14.48724	14.47685	14.38262	14.07041	13.95688	13.50762	13.4569	13.41602	12.81257	12.58232	12.56123	12.37928	12.29018	12.27155	11.81502	11.81223	10.42181	9.292275	7.18366	6.536272	
17.57846	17.3983	17.30233	17.12852	17.12355	17.12134	17.08704	16.93888	16.92198	16.87833	16.87666	16.87625	16.87561	16.86371	16.84823	16.82998	16.8146	16.80406	16.79397	16.76788	16.76313	16.73904	16.72763	16.70648	16.57567	16.5242	16.30645	16.18088	15.89931	15.64511	15.60588	15.51711	15.33016	14.90901	14.89291	14.78807	14.7063	14.69016	14.67205	14.4047	14.08711	14.08065	14.03283	13.54481	13.39605	12.33448	11.96026	11.90089	10.99196	10.66937	10.07494	7.819561	7.537034	7.4577	6.399654	6.344056	5.777377	5.176326	4.31042	2.914421	
17.57846	17.3983	17.30233	17.12852	17.12355	17.12134	17.08704	16.93888	16.92198	16.87833	16.87666	16.87625	16.87561	16.86371	16.84823	16.82998	16.8146	16.80599	16.80406	16.79397	16.76788	16.64956	16.37832	16.34109	15.73614	15.54751	15.44774	15.42389	15.21034	15.10309	15.07655	15.05925	14.94312	14.88204	14.78907	14.65953	14.64656	14.37768	14.24949	14.23228	13.98104	13.87936	13.72042	13.54093	13.44021	13.21553	13.13426	13.10105	13.09315	12.57002	12.52987	12.04933	10.92816	10.60955	10.07494	7.704296	7.218002	6.571711	5.243512	3.820884	
17.57846	17.3983	17.30233	17.12852	17.12355	17.12134	17.08704	16.93888	16.92198	16.87833	16.87666	16.87625	16.87561	16.86371	16.84823	16.82998	16.8146	16.80599	16.80406	16.79397	16.60172	16.45094	16.29351	15.7748	15.59873	15.49726	15.44262	15.40236	15.27009	15.10367	14.8402	14.77054	14.67841	14.58193	14.53054	14.37407	14.27744	14.25654	13.93031	13.71496	13.67091	13.51081	13.38612	13.31771	12.85363	12.66597	12.61802	12.1289	10.60776	10.56238	10.17886	9.790977	9.786237	9.062923	7.028428	6.832345	5.272928	4.743316	0.6696279	0	
17.57846	17.3983	17.30233	17.12852	17.12355	17.12134	17.08704	17.00424	16.93888	16.92198	16.87833	16.87666	16.87625	16.87561	16.87369	16.86371	16.86228	16.84823	16.82998	16.8146	16.80599	16.80406	16.79397	16.75817	16.63567	16.61415	16.57541	16.47927	16.30178	16.27162	16.24306	16.16641	15.87548	15.73737	15.32732	15.25092	15.11247	15.03478	14.9752	14.23186	13.97918	13.95551	13.93382	13.49956	13.3936	12.32588	12.1043	11.25652	10.95058	10.6268	10.10984	9.677042	9.595595	8.631869	8.016979	7.342616	6.355474	5.238766	3.056869	2.956153	
17.57846	17.3983	17.30233	17.12852	17.12355	17.12134	17.08704	17.00424	16.93888	16.92198	16.87833	16.87666	16.87625	16.87561	16.87369	16.86371	16.86228	16.84823	16.82998	16.8146	16.62532	16.49864	16.49487	16.48783	16.39972	16.36556	15.8929	15.69809	15.50025	15.47254	15.23533	15.21187	15.20918	15.1114	15.04913	14.77871	14.53689	14.50793	14.43143	14.27757	14.05323	13.76826	13.64222	13.35965	12.98456	11.2134	10.39288	10.36775	9.332802	9.140553	8.650066	7.782682	7.118232	6.234792	5.434722	3.527098	3.300781	0.8026144	0.6653785	0.6632529	
17.57846	17.3983	17.30233	17.12852	17.12355	17.12134	17.08704	17.00424	16.93888	16.92198	16.87833	16.87666	16.87625	16.87561	16.87369	16.86371	16.86228	16.84823	16.82998	16.8146	16.72691	16.14417	16.11277	15.92612	15.91269	15.74371	15.73787	15.30094	15.15938	15.08606	15.07638	14.32383	14.27394	14.20971	14.10802	14.05553	14.01514	14.00041	13.65837	13.64222	13.61796	13.11878	13.06344	13.02923	12.84658	12.4091	12.12706	11.77221	11.51483	10.94448	10.34932	9.643117	9.307547	8.590351	7.618738	5.009796	4.671661	2.700454	2.073038	0.2090492	
17.57846	17.3983	17.30233	17.13575	17.12852	17.12355	17.12134	17.08704	17.00424	16.93888	16.92198	16.87833	16.87666	16.87625	16.87561	16.87369	16.86371	16.86228	16.84823	16.82998	16.8146	16.32976	16.14412	15.94608	15.91244	15.86087	15.81959	15.51406	15.27469	15.10962	14.93251	14.62969	14.50265	14.21763	14.16854	14.02563	14.00041	13.82136	13.72333	13.27573	12.66723	12.57091	12.26589	12.02674	11.17274	11.0229	10.74828	9.595485	8.684332	8.362347	8.212278	8.016635	7.566128	7.537989	7.260203	5.627865	5.586966	3.42216	2.551519	1.977456	
17.57846	17.3983	17.30233	17.13575	17.12852	17.12355	17.12134	17.08704	17.00424	16.93888	16.92198	16.87833	16.87666	16.87625	16.87561	16.87369	16.86371	16.86228	16.84823	16.82998	16.29217	16.03371	15.90984	15.80258	15.77247	15.56206	15.41253	15.35464	15.16384	14.94832	14.82256	14.77014	14.72019	14.5014	14.42836	14.42727	14.06185	13.53579	13.48838	13.31756	13.05035	12.39449	11.94304	11.67318	11.61084	11.39039	11.30553	11.26108	10.42557	10.12014	9.157575	9.124599	9.02247	8.990792	5.251165	3.759756	3.638412	3.110253	0.7892016	0	
17.57846	17.3983	17.30233	17.14858	17.13575	17.12852	17.12355	17.12134	17.08704	17.00424	16.93888	16.92198	16.87833	16.87666	16.87625	16.87561	16.87369	16.86371	16.86228	16.84823	16.82998	16.52185	16.416	15.61201	15.59387	15.56033	15.54623	15.39154	15.34433	15.18311	15.06777	14.74976	14.74116	14.10938	13.98523	13.98282	13.85842	13.71498	13.6716	13.44705	12.24042	12.20979	11.52027	11.2364	10.79797	10.45628	10.42709	10.12617	9.237517	9.203484	9.035382	8.302876	8.286075	6.865426	6.109446	5.967184	3.927656	2.084771	0.8483145	0.1557493	
