Elite Size: 20, roulete size: 25, random size: 0
Mutation type: Stepy
CycleEval?: True, accelEval?: False, heightEval?: True
Funcion: Classic, empujon inicial: (0,0,0)
0.0569668	0.0521015	0.04382511	0.04075833	0.04067769	0.03924334	0.03855496	0.03824309	0.03575144	0.02999865	0.02832423	0.02373594	0.0223041	0.02020772	0.0191629	0.01731088	0.0156254	0.01050074	0	0	0	0	0	0	0	0	0	0	0	0	0	0	0	0	0	0	0	0	0	0	0	0	0	0	0	
0.06044325	0.0569668	0.05631063	0.0521015	0.04707153	0.04382511	0.04348302	0.04266955	0.04075833	0.04067769	0.03924334	0.03855496	0.03824309	0.037747	0.03575144	0.03204662	0.02999865	0.02920651	0.02832423	0.02698985	0.02373594	0.0223041	0.0209655	0.02020772	0.02001495	0.0191629	0.0183357	0.01731088	0.01567072	0.0156254	0.01408874	0.01050074	0	0	0	0	0	0	0	0	0	0	0	0	0	NaN	
0.06044325	0.0569668	0.05631063	0.0521015	0.05052776	0.04905353	0.04707153	0.04605662	0.04471345	0.04382511	0.04348302	0.04266955	0.04178132	0.04075833	0.04067769	0.03924334	0.03855496	0.03824309	0.037747	0.03575144	0.03435618	0.03204662	0.03025553	0.02999865	0.02920651	0.02832423	0.02698985	0.02387239	0.01720883	0.01604457	0.01551536	0.01547223	0.01367259	0.00285505	0	0	0	0	0	0	0	0	0	0	0	0	
0.06328806	0.06044325	0.0569668	0.05631063	0.05363435	0.0521015	0.05052776	0.04993382	0.04905353	0.04707153	0.04605662	0.04471345	0.04464555	0.04382511	0.04348302	0.04309679	0.04309015	0.04266955	0.04178132	0.04075833	0.04067769	0.03924334	0.03894276	0.03855496	0.03824309	0.037747	0.036892	0.03575144	0.03461592	0.03313013	0.02942139	0.02795164	0.02762061	0.02533023	0.02170141	0.01973416	0.01934686	0.01709167	0.0148798	0	0	0	0	0	0	0	
0.06328806	0.06044325	0.05919649	0.05744097	0.0569668	0.05631063	0.05363435	0.0521015	0.05052776	0.04993382	0.04905353	0.0475534	0.04707153	0.04605662	0.04471345	0.04464555	0.04382511	0.04351372	0.04348302	0.04346161	0.04309679	0.04309015	0.04266955	0.04207758	0.04178132	0.04101524	0.04075833	0.03913193	0.03855333	0.03396966	0.02731099	0.02616836	0.02407524	0.02172942	0.01716576	0.01551905	0.01510854	0.01266328	0.007544854	0	0	0	0	0	0	0	
0.0686257	0.06328806	0.06044325	0.05989315	0.05919649	0.05744097	0.0569668	0.05631063	0.05478255	0.05363435	0.0521015	0.05052776	0.04993382	0.04990135	0.04929062	0.04905353	0.0475534	0.04707153	0.04605662	0.04471345	0.04464555	0.04439284	0.04382511	0.04351372	0.04348302	0.04346161	0.04191592	0.03914005	0.03277493	0.02863558	0.02733732	0.02534474	0.02159221	0.02075122	0.0197591	0.01676713	0.01289994	0.01162948	0.01042075	0	0	0	0	0	0	0	
0.0686257	0.06328806	0.06044325	0.05989315	0.05919649	0.05744097	0.0569668	0.05631063	0.05596627	0.05478255	0.05363435	0.0521015	0.05121304	0.05052776	0.04993382	0.04990135	0.04936463	0.04929062	0.04905353	0.0475534	0.04707153	0.04605662	0.04471345	0.04445984	0.04394253	0.04271518	0.04261677	0.03897313	0.0374924	0.02417719	0.0229561	0.02289278	0.02035675	0.01968971	0.017656	0.01714265	0.01522314	0.01176997	0	0	0	0	0	0	0	NaN	
0.0763417	0.0686257	0.06328806	0.06044325	0.05989315	0.05919649	0.05744097	0.0569668	0.05631063	0.05596627	0.05478255	0.05363435	0.0521015	0.05121304	0.05052776	0.04993382	0.04990135	0.04936463	0.04929062	0.04905353	0.04904241	0.0475534	0.04676206	0.0463464	0.03047221	0.02863139	0.02856935	0.02536579	0.01996863	0.0199502	0.01985937	0.01970457	0.01511961	0	0	0	0	0	0	0	0	0	0	0	0	0	
0.0763417	0.07343538	0.0686257	0.06328806	0.06044325	0.05989315	0.05919649	0.05860633	0.05744097	0.0569668	0.05631063	0.05596627	0.05478255	0.05363435	0.0521015	0.05121304	0.05052776	0.04993382	0.04990135	0.04936463	0.04929062	0.04905353	0.04804238	0.04242134	0.03552278	0.03378177	0.02997116	0.02528686	0.02495733	0.02278554	0.02261985	0.01946836	0.0194386	0.01918251	0.01826743	0	0	0	0	0	0	0	0	0	0	NaN	
0.0763417	0.07343538	0.0686257	0.06328806	0.06092912	0.06044325	0.05989315	0.05919649	0.05860633	0.05858671	0.05744097	0.0569668	0.05631063	0.05596627	0.05478255	0.05363435	0.0521015	0.05153574	0.05121304	0.05052776	0.04993382	0.04990135	0.04936463	0.04921145	0.04752046	0.04313283	0.04079264	0.04062348	0.03776683	0.03539454	0.0305681	0.0289025	0.02620322	0.02318648	0.02186584	0.01992235	0.01786563	0.01572655	0.01266663	0.01193143	0	0	0	0	0	0	
0.0763417	0.07343538	0.0686257	0.06328806	0.06092912	0.06044325	0.05989315	0.05919649	0.05860633	0.05858671	0.05744097	0.0569668	0.05631063	0.05596627	0.05478255	0.05363435	0.05361601	0.05338688	0.0521015	0.05203387	0.05153574	0.05121304	0.05052776	0.04646086	0.0455959	0.04240463	0.04059488	0.03960643	0.03671346	0.02978465	0.02579821	0.02257527	0.02192313	0.02092639	0.01575192	0.01434272	0.01220931	0.003086807	0	0	0	0	0	0	0	0	
0.0763417	0.07529427	0.07343538	0.0686257	0.06328806	0.06092912	0.06044325	0.05989315	0.05919649	0.05860633	0.05858671	0.05744097	0.0569668	0.05631063	0.05596627	0.05516315	0.05478255	0.05363435	0.05361601	0.05338688	0.0521015	0.05203387	0.04892983	0.0465768	0.04263662	0.04031136	0.03312509	0.02881014	0.02688828	0.02244675	0.02178213	0.0170715	0.01634534	0.01484821	0.01279603	0	0	0	0	0	0	0	0	0	0	0	
0.0763417	0.07529427	0.07343538	0.0686257	0.06328806	0.06092912	0.06044325	0.05989315	0.05919649	0.05894323	0.05860633	0.05858671	0.05747667	0.05744097	0.0569668	0.05631063	0.05596627	0.05516315	0.05478255	0.05363435	0.05361601	0.05338688	0.05279802	0.05116941	0.04963109	0.03640098	0.03017327	0.03006459	0.02271871	0.02139269	0.02047851	0.01883947	0.01582785	0.01460681	0.01401701	0.01299561	0.001748048	0	0	0	0	0	0	0	0	0	
0.0763417	0.07529427	0.07343538	0.0686257	0.06328806	0.06092912	0.06044325	0.05989315	0.05919649	0.05894323	0.05860633	0.05858671	0.05747667	0.05744097	0.0569668	0.05631063	0.05596627	0.05516315	0.05478255	0.05363435	0.05351073	0.05164606	0.04477466	0.03446016	0.03219481	0.02386689	0.02337361	0.02060018	0.01857352	0.01836982	0.01390414	0.003364233	0	0	0	0	0	0	0	0	0	0	0	0	0	0	
0.0763417	0.07529427	0.07343538	0.0686257	0.06328806	0.06092912	0.06044325	0.05989315	0.05919649	0.05894323	0.05860633	0.05858671	0.05747667	0.05744097	0.0569668	0.05631063	0.05609676	0.05596627	0.05516315	0.05478255	0.05363435	0.04575434	0.04313602	0.04301165	0.04104013	0.03875943	0.03844823	0.03207947	0.02889439	0.02653659	0.02411736	0.01998037	0	0	0	0	0	0	0	0	0	0	0	0	0	0	
0.07644613	0.0763417	0.07529427	0.07343538	0.0686257	0.06328806	0.06092912	0.06044325	0.05989315	0.05919649	0.05894323	0.05860633	0.05858671	0.05747667	0.05744097	0.0569668	0.05631063	0.05609676	0.05596627	0.05516315	0.05478255	0.05127352	0.05099319	0.04820478	0.04619868	0.04331915	0.04066883	0.03623047	0.03167667	0.02597207	0.02175958	0.02051549	0.01965044	0.01357049	0	0	0	0	0	0	0	0	0	0	0	0	
0.09441178	0.07644613	0.0763417	0.07529427	0.07343538	0.0686257	0.06328806	0.06092912	0.06044325	0.05989315	0.05919649	0.05894323	0.05860633	0.05858671	0.05747667	0.05744097	0.0569668	0.05631063	0.05609676	0.05596627	0.05516315	0.05009996	0.0454651	0.03799843	0.03781163	0.03646181	0.03482401	0.03401378	0.02489549	0.02241107	0.02164531	0.01975309	0.01903662	0.01839819	0.01653406	0.01494983	0	0	0	0	0	0	0	0	0	0	
0.09441178	0.07644613	0.0763417	0.07529427	0.07343538	0.0686257	0.06328806	0.06092912	0.06044325	0.05989315	0.05919649	0.05894323	0.05860633	0.05858671	0.05747667	0.05744097	0.0569668	0.05631063	0.05609676	0.05596627	0.05385719	0.05103769	0.04781219	0.04314673	0.04218977	0.03611068	0.03551072	0.03472872	0.02609884	0.0258358	0.0219569	0.02186474	0.0191866	0.01529532	0.01445014	0	0	0	0	0	0	0	0	0	0	0	
0.09441178	0.07644613	0.0763417	0.07529427	0.07343538	0.0686257	0.06328806	0.06092912	0.06044325	0.05989315	0.05919649	0.05894323	0.05860633	0.05858671	0.05747667	0.05744097	0.0569668	0.05631063	0.05609676	0.05596627	0.04824113	0.04823136	0.04749628	0.04691494	0.02664618	0.02640199	0.02458443	0.02242268	0.02127645	0.02072194	0.01999151	0.01869866	0.01677118	0.01583945	0	0	0	0	0	0	0	0	0	0	0	0	
0.09441178	0.07644613	0.07639962	0.0763417	0.07529427	0.07343538	0.0686257	0.06454208	0.06328806	0.06092912	0.06044325	0.05989315	0.05919649	0.05894323	0.05860633	0.05858671	0.05747667	0.05744097	0.0569668	0.05631063	0.05609676	0.05603859	0.05596627	0.0520214	0.04349487	0.03779663	0.0357333	0.03190665	0.03034186	0.02943402	0.0251998	0.02144282	0.02127998	0.01838965	0.01700564	0.01375499	0.008523948	0	0	0	0	0	0	0	0	0	
0.09441178	0.07644613	0.07639962	0.0763417	0.07529427	0.07343538	0.07146415	0.0686257	0.06454208	0.06328806	0.06092912	0.06044325	0.05989315	0.05919649	0.05894323	0.05860633	0.05858671	0.05747667	0.05744097	0.05708927	0.0569668	0.05631063	0.05428169	0.05410298	0.05162901	0.04843612	0.02781475	0.02700374	0.02342047	0.0222665	0.02169134	0.02141847	0.02114447	0.02025148	0.02011349	0	0	0	0	0	0	0	0	0	0	NaN	
0.09441178	0.07644613	0.07639962	0.0763417	0.07529427	0.07343538	0.07146415	0.07100092	0.0686257	0.06454208	0.06328806	0.06146949	0.06092912	0.06044325	0.05989315	0.05919649	0.05894323	0.05860633	0.05858671	0.05747667	0.05744097	0.05735617	0.05708927	0.05409439	0.05311197	0.04850964	0.04689859	0.04533638	0.04498188	0.03835302	0.03147968	0.02937448	0.02559504	0.02356708	0.02062286	0.01386842	0.009244496	0	0	0	0	0	0	0	0	0	
0.09441178	0.07644613	0.07639962	0.0763417	0.07529427	0.07343538	0.07146415	0.07100092	0.0686257	0.06454208	0.06390189	0.06328806	0.06274218	0.06146949	0.06092912	0.06044325	0.05989315	0.05919649	0.05894323	0.05860633	0.05858671	0.05856765	0.05747667	0.05427828	0.05320398	0.04895672	0.04820323	0.04611991	0.04359581	0.03521184	0.03369975	0.02998881	0.02812227	0.0270541	0.02555748	0.02451978	0.0230842	0.02010514	0.01325546	0	0	0	0	0	0	0	
0.09441178	0.07743049	0.07644613	0.07639962	0.0763417	0.07529427	0.07343538	0.07146415	0.07100092	0.0686257	0.06454208	0.06390189	0.06328806	0.06274218	0.06146949	0.06092912	0.06044325	0.05989315	0.05919649	0.05894323	0.05860633	0.05827601	0.051309	0.04806244	0.04431472	0.03794419	0.03653981	0.03417951	0.02598262	0.02486776	0.02286668	0.02235996	0.02198779	0.02105883	0.01828467	0	0	0	0	0	0	0	0	0	0	0	
0.09441178	0.07779223	0.07743049	0.07644613	0.07639962	0.0763417	0.07529427	0.07343538	0.07146415	0.07100092	0.0686257	0.06681002	0.06454208	0.06390189	0.06328806	0.06274218	0.06146949	0.06092912	0.06044325	0.05989315	0.05919649	0.05894323	0.04923028	0.04841426	0.0456132	0.04430521	0.04183052	0.03909271	0.02959365	0.02639357	0.0262418	0.02493007	0.02359727	0.01843471	0.01624945	0	0	0	0	0	0	0	0	0	0	0	
0.09441178	0.07779223	0.07743049	0.07644613	0.07639962	0.0763417	0.07529427	0.07343538	0.07146415	0.07100092	0.0686257	0.06681002	0.06454208	0.06390189	0.06328806	0.06274218	0.06146949	0.06092912	0.06044325	0.05989315	0.0564302	0.05371367	0.04342832	0.04243409	0.04032127	0.03069722	0.02048695	0.01951197	0.01930892	0.01579354	0.01572904	0.01549361	0.01497081	0.0006728222	0	0	0	0	0	0	0	0	0	0	0	0	
0.09441178	0.07779223	0.07743049	0.07644613	0.07639962	0.0763417	0.07529427	0.07343538	0.07146415	0.07100092	0.06902745	0.0686257	0.06681002	0.06454208	0.06390189	0.06328806	0.06274218	0.06146949	0.06092912	0.06044325	0.05989315	0.05786719	0.04797079	0.04687718	0.04577817	0.03507626	0.03391957	0.03201555	0.0211911	0.02099508	0.02095068	0.02060478	0.01871934	0.01449207	0.01277595	0.007391723	0	0	0	0	0	0	0	0	0	0	
0.09441178	0.07779223	0.07743049	0.07644613	0.07639962	0.0763417	0.07529427	0.07343538	0.07146415	0.07100092	0.06902745	0.0686257	0.06681002	0.06454208	0.06390189	0.06328806	0.06274218	0.06146949	0.06092912	0.06044325	0.05809365	0.05093054	0.04787061	0.04618867	0.04504385	0.0442547	0.03761696	0.03345007	0.02521557	0.02389981	0.02359282	0.01878498	0.006940688	0.0004378118	0	0	0	0	0	0	0	0	0	0	0	0	
0.09441178	0.07779223	0.07743049	0.07644613	0.07639962	0.0763417	0.07529427	0.07343538	0.07146415	0.07100092	0.06902745	0.0686257	0.06681002	0.06454208	0.06390189	0.06328806	0.06274218	0.06146949	0.06092912	0.06044325	0.05989026	0.05650114	0.05550265	0.0469242	0.04552937	0.04296839	0.02891997	0.02565454	0.0242311	0.02275084	0.022703	0.01678672	7.843359E-05	0	0	0	0	0	0	0	0	0	0	0	0	0	
0.09441178	0.07779223	0.07743049	0.07644613	0.07639962	0.0763417	0.07529427	0.07343538	0.07146415	0.07100092	0.06965229	0.06902745	0.0686257	0.06681002	0.06454208	0.06390189	0.06328806	0.06274218	0.06146949	0.06092912	0.06044325	0.05750545	0.05139808	0.04843957	0.04023944	0.03955173	0.03552439	0.02563461	0.02455457	0.02368305	0.02162988	0.01928794	0.0174416	0.01573954	0.01441451	0.01288287	0.0104181	0	0	0	0	0	0	0	0	0	
0.09441178	0.07779223	0.07743049	0.07644613	0.07639962	0.0763417	0.07529427	0.07343538	0.07146415	0.07100092	0.06965229	0.06958597	0.06902745	0.0686257	0.06681002	0.06669947	0.06454208	0.06390189	0.06328806	0.06274218	0.06146949	0.06092912	0.04881556	0.04321533	0.04193586	0.03208121	0.03076182	0.03069669	0.0237524	0.02353317	0.01884316	0.01504628	0.01353703	0	0	0	0	0	0	0	0	0	0	0	0	0	
0.09441178	0.07779223	0.07743049	0.07735114	0.07644613	0.07639962	0.0763417	0.07529427	0.07343538	0.07146415	0.07100092	0.06965229	0.06958597	0.06902745	0.0686257	0.06681002	0.06669947	0.06503048	0.06454208	0.06390189	0.06328806	0.06274218	0.0562158	0.04948203	0.04552731	0.04405307	0.04403496	0.04276079	0.04043784	0.0378944	0.03682798	0.03322936	0.02693998	0.02283733	0.01932003	0.01883448	0.009694804	0	0	0	0	0	0	0	0	0	
0.09441178	0.07779223	0.07743049	0.07735114	0.07644613	0.07639962	0.0763417	0.07529427	0.07343538	0.07190187	0.07146415	0.07100092	0.06965229	0.06958597	0.06902745	0.0686257	0.06681002	0.06669947	0.06503048	0.06454208	0.06390189	0.0587006	0.05377397	0.05364093	0.04969728	0.04688266	0.04433049	0.0439649	0.04258714	0.03776508	0.03373949	0.02444351	0.02170341	0.01924815	0.01398437	0	0	0	0	0	0	0	0	0	0	0	
0.09441178	0.07779223	0.07743049	0.07735114	0.07644613	0.07639962	0.0763417	0.07529427	0.07343538	0.07190187	0.07146415	0.07100092	0.06965229	0.06958597	0.06902745	0.0686257	0.06681002	0.06669947	0.06561229	0.06503048	0.06454208	0.05584393	0.04696926	0.04623004	0.04419098	0.0383943	0.036443	0.03536945	0.03213707	0.0315267	0.02652782	0.02398109	0.02155337	0.0203987	0.02005136	0.01797331	0.01555905	0.01383988	0.006493014	0	0	0	0	0	0	0	
0.09441178	0.08165312	0.07779223	0.07743049	0.07735114	0.07644613	0.07639962	0.0763417	0.07529427	0.07343538	0.07190187	0.07146415	0.07100092	0.06965229	0.06958597	0.06902745	0.0686257	0.06681002	0.06669947	0.06561229	0.06503048	0.05628983	0.05004031	0.03994439	0.03976455	0.03505443	0.03497868	0.02546753	0.02337469	0.02308335	0.02303394	0.02246326	0.02172573	0.01721244	0.01376485	0	0	0	0	0	0	0	0	0	0	0	
0.09441178	0.08165312	0.07779223	0.07743049	0.07735114	0.07644613	0.07639962	0.0763417	0.07529427	0.07343538	0.07190187	0.07146415	0.07100092	0.06965229	0.06958597	0.06902745	0.0686257	0.06681002	0.06669947	0.06561229	0.05812615	0.05130859	0.04729217	0.04377305	0.04324177	0.04286281	0.03348494	0.02890639	0.02553722	0.01977283	0.01921367	0.01910936	0.01868363	0	0	0	0	0	0	0	0	0	0	0	0	0	
0.09441178	0.08165312	0.07779223	0.07743049	0.07735114	0.07644613	0.07639962	0.0763417	0.07529427	0.07343538	0.07190187	0.07146415	0.07100092	0.06965229	0.06958597	0.06902745	0.0688945	0.0686257	0.06681002	0.06669947	0.06561229	0.05447846	0.05146066	0.04816112	0.04802395	0.04096245	0.03823916	0.03102069	0.02998217	0.02780494	0.0277153	0.02488031	0.024854	0.01850337	0.01595036	0.01446991	0	0	0	0	0	0	0	0	0	0	
0.09441178	0.08165312	0.07779223	0.07743049	0.07735114	0.07644613	0.07639962	0.0763417	0.07529427	0.07343538	0.07190187	0.07146415	0.07100092	0.06965229	0.06958597	0.06902745	0.0688945	0.0686257	0.06681002	0.06669947	0.06159692	0.05878246	0.05784768	0.03356281	0.03345262	0.03221956	0.02490242	0.0240777	0.02355913	0.01944309	0.01476347	0.01440726	0.01427934	0	0	0	0	0	0	0	0	0	0	0	0	0	
0.09441178	0.08165312	0.07779223	0.07743049	0.07735114	0.07644613	0.07639962	0.0763417	0.07529427	0.07343538	0.07190187	0.07146415	0.07100092	0.06965229	0.06958597	0.06902745	0.0688945	0.0686257	0.06681002	0.06669947	0.05839044	0.04974624	0.04819456	0.04438838	0.04317185	0.04247816	0.02762286	0.02549049	0.02448379	0.02288511	0.02022164	0.01966595	0.01805704	0.01690283	0.01569854	0	0	0	0	0	0	0	0	0	0	0	
0.09441178	0.08165312	0.07779223	0.07743049	0.07735114	0.07644613	0.07639962	0.0763417	0.07529427	0.07343538	0.07190187	0.07146415	0.07100092	0.06965229	0.06958597	0.06902745	0.0688945	0.0686257	0.06681002	0.06669947	0.04965447	0.04783206	0.044287	0.04044801	0.03768105	0.03464794	0.02472694	0.0225253	0.02229532	0.02226129	0.02126391	0.0181302	0.003803028	0	0	0	0	0	0	0	0	0	0	0	0	0	
0.09441178	0.08165312	0.07779223	0.07743049	0.07735114	0.07644613	0.07639962	0.0763417	0.07529427	0.07343538	0.07190187	0.07146415	0.07100092	0.06965229	0.06958597	0.06902745	0.0688945	0.0686257	0.06681002	0.06669947	0.05458837	0.05161295	0.04984832	0.04883402	0.04830492	0.04761871	0.04691927	0.04129268	0.0412118	0.03859821	0.03766449	0.03750125	0.03092074	0.03006461	0.02829996	0.02783204	0.02521381	0.02344426	0.02116255	0.01564326	0	0	0	0	0	0	
0.09441178	0.08165312	0.07779223	0.07743049	0.07735114	0.07644613	0.07639962	0.0763417	0.07529427	0.07343538	0.07190187	0.07146415	0.07100092	0.06965229	0.06958597	0.06902745	0.0688945	0.0686257	0.06681002	0.06669947	0.06425484	0.06331687	0.05144097	0.0493055	0.04553672	0.0441921	0.04384315	0.03872293	0.03467389	0.03446271	0.03053902	0.02860687	0.02203545	0.02164162	0.0210535	0.02060748	0.01965279	0.004606283	0	0	0	0	0	0	0	0	
0.09441178	0.08165312	0.07779223	0.07743049	0.07735114	0.07644613	0.07639962	0.0763417	0.07529427	0.07343538	0.07190187	0.07146415	0.07100092	0.06965229	0.06958597	0.06902745	0.0688945	0.0686257	0.06681002	0.06669947	0.05881369	0.05375158	0.05153439	0.04094628	0.04026333	0.03777578	0.03459397	0.03103275	0.02940646	0.02224243	0.01912371	0	0	0	0	0	0	0	0	0	0	0	0	0	0	0	
0.09441178	0.08165312	0.07779223	0.07743049	0.07735114	0.07644613	0.07639962	0.0763417	0.07529427	0.07343538	0.07190187	0.07146415	0.07100092	0.06965229	0.06958597	0.06902745	0.0688945	0.0686257	0.06681002	0.06669947	0.0567719	0.05450449	0.05262285	0.05092189	0.04118482	0.03719442	0.0334631	0.02636756	0.02290636	0.02153543	0.01981048	0.01923298	0.01802154	0.01560362	0.009732111	0	0	0	0	0	0	0	0	0	0	0	
0.09441178	0.08165312	0.07779223	0.07743049	0.07735114	0.07644613	0.07639962	0.0763417	0.07529427	0.07343538	0.07190187	0.07146415	0.07100092	0.06965229	0.06958597	0.06902745	0.0688945	0.0686257	0.06738485	0.06681002	0.06669947	0.06351557	0.06233785	0.05679174	0.05179733	0.03766875	0.02065794	0.01564531	0.01374377	0.01199777	0.001889525	0.001793939	0	0	0	0	0	0	0	0	0	0	0	0	0	0	
0.09441178	0.08165312	0.07779223	0.07743049	0.07735114	0.07644613	0.07639962	0.0763417	0.07529427	0.07343538	0.07190187	0.07146415	0.07100092	0.06965229	0.06958597	0.06902745	0.0688945	0.0686257	0.06738485	0.06681002	0.05729152	0.05151241	0.04819524	0.04756081	0.04427784	0.04400088	0.04207334	0.04190628	0.04113717	0.03462046	0.032347	0.0322929	0.03185891	0.03020178	0.02775546	0.02663231	0.0249172	0.02134645	0.02077548	0	0	0	0	0	0	0	
0.09441178	0.08165312	0.07779223	0.07743049	0.07735114	0.07644613	0.07639962	0.0763417	0.07529427	0.07343538	0.07190187	0.07146415	0.07100092	0.06965229	0.06958597	0.06902745	0.0688945	0.0686257	0.06738485	0.06681002	0.06508886	0.06101625	0.05841854	0.05612958	0.05240043	0.05005158	0.0495283	0.0433325	0.04293167	0.04292799	0.04207645	0.03853616	0.02602548	0.02101429	0	0	0	0	0	0	0	0	0	0	0	0	
0.09441178	0.08165312	0.07779223	0.07743049	0.07735114	0.07644613	0.07639962	0.0763417	0.07529427	0.07343538	0.07190187	0.07146415	0.07100092	0.06965229	0.06958597	0.06902745	0.0688945	0.0686257	0.06738485	0.06681002	0.06076525	0.05571981	0.04484816	0.04198081	0.04108122	0.03999468	0.03727576	0.02819344	0.0233945	0.02207274	0.02203317	0.02189803	0.02166292	0.02051953	0.01882551	0.01606091	0.01458991	0.00994887	0	0	0	0	0	0	0	0	
0.09441178	0.08165312	0.07779223	0.07743049	0.07735114	0.07644613	0.07639962	0.0763417	0.07529427	0.07343538	0.07190187	0.07146415	0.07100092	0.06965229	0.06958597	0.06902745	0.0688945	0.0686257	0.06738485	0.06681002	0.05922165	0.05252187	0.05135611	0.05015506	0.03698065	0.03693004	0.03465004	0.03122321	0.03063308	0.02702978	0.02686397	0.02409576	0.02260241	0.0188301	0.0186247	0.01683266	0.01676699	0	0	0	0	0	0	0	0	0	
0.09441178	0.08165312	0.07779223	0.07743049	0.07735114	0.07644613	0.07639962	0.0763417	0.07529427	0.07343538	0.07190187	0.07146415	0.07100092	0.06965229	0.06958597	0.06902745	0.0688945	0.0686257	0.06738485	0.06681002	0.06499987	0.05384545	0.05253616	0.04678433	0.03337972	0.02905443	0.02482282	0.02276454	0.02151312	0.01943108	0.01884346	0.0185394	0.01740983	0.005528191	0	0	0	0	0	0	0	0	0	0	0	0	
0.09441178	0.08165312	0.07779223	0.07743049	0.07735114	0.07644613	0.07639962	0.0763417	0.07529427	0.07343538	0.07190187	0.07146415	0.07100092	0.06965229	0.06958597	0.06902745	0.0688945	0.0686257	0.06738485	0.06681002	0.05658997	0.05148742	0.05075504	0.05021904	0.05013171	0.04725134	0.04443116	0.03782988	0.03664389	0.02615961	0.02461112	0.02214711	0.02199382	0.02050917	0.009695469	0	0	0	0	0	0	0	0	0	0	0	
0.09441178	0.08165312	0.07779223	0.07743049	0.07735114	0.07644613	0.07639962	0.0763417	0.07529427	0.07343538	0.07190187	0.07146415	0.07100092	0.06991927	0.06965229	0.06958597	0.06902745	0.0688945	0.0686257	0.06738485	0.06681002	0.06057984	0.05495384	0.05250813	0.05171022	0.05074539	0.04848886	0.04807904	0.04092282	0.03593694	0.02533613	0.01954309	0.01888241	0.01328723	0	0	0	0	0	0	0	0	0	0	0	0	
0.09441178	0.08400125	0.08165312	0.07779223	0.07743049	0.07735114	0.07644613	0.07639962	0.0763417	0.07529427	0.07343538	0.07190187	0.07146415	0.07100092	0.06991927	0.06965229	0.06958597	0.06902745	0.0688945	0.0686257	0.06738485	0.05704287	0.05607264	0.05445091	0.05061719	0.04695191	0.0467494	0.04452607	0.04296158	0.04148979	0.0396366	0.03708247	0.03605167	0.02828597	0.02582064	0.02441554	0.0222371	0.01966847	0.01624892	0.01431824	0.009698477	0	0	0	0	0	
0.09441178	0.08400125	0.08165312	0.07779223	0.07743049	0.07735114	0.07644613	0.07639962	0.0763417	0.07529427	0.07343538	0.07278411	0.07190187	0.07146415	0.07100092	0.06991927	0.06965229	0.06958597	0.06902745	0.0688945	0.0686257	0.05878399	0.05812709	0.05582726	0.05299784	0.04058312	0.03483636	0.03288627	0.02519923	0.02458484	0.02102173	0.02086743	0.01990979	0.016016	0	0	0	0	0	0	0	0	0	0	0	0	
0.09441178	0.08400125	0.08165312	0.07779223	0.07743049	0.07735114	0.07644613	0.07639962	0.0763417	0.07529427	0.07343538	0.07278411	0.07190187	0.07146415	0.07100092	0.06991927	0.06965229	0.06958597	0.06902745	0.0688945	0.04749777	0.04731421	0.04430306	0.03938635	0.03580499	0.03486208	0.02924221	0.0276689	0.02683566	0.02562877	0.02488859	0.01900807	0.01722354	0.01172898	0	0	0	0	0	0	0	0	0	0	0	0	
0.09441178	0.08400125	0.08165312	0.07779223	0.07743049	0.07735114	0.07644613	0.07639962	0.0763417	0.07529427	0.07343538	0.07278411	0.07190187	0.07146415	0.07100092	0.06991927	0.06965229	0.06958597	0.06902745	0.0688945	0.05532128	0.05359385	0.04433951	0.04397519	0.04034883	0.03774871	0.03339425	0.02838219	0.02641728	0.0264106	0.02129905	0.02085546	0.02065558	0.020365	0	0	0	0	0	0	0	0	0	0	0	0	
0.09441178	0.08400125	0.08165312	0.07779223	0.07743049	0.07735114	0.07644613	0.07639962	0.0763417	0.07614881	0.07529427	0.07343538	0.07278411	0.07190187	0.07146415	0.07100092	0.06991927	0.06965229	0.06958597	0.06902745	0.0688945	0.06576607	0.0587298	0.05606411	0.05424899	0.0529464	0.05159239	0.0483377	0.0472623	0.0367095	0.03490689	0.02564566	0.02554412	0.02520602	0.02072523	0.01111349	0.008887414	0.007600309	0	0	0	0	0	0	0	0	
0.09441178	0.08400125	0.08165312	0.07779223	0.07743049	0.07735114	0.07644613	0.07639962	0.0763417	0.07614881	0.07529427	0.07422566	0.07343538	0.07278411	0.07190187	0.07146415	0.07100092	0.06991927	0.06965229	0.06958597	0.06902745	0.05671135	0.04913943	0.0481139	0.04606944	0.04526593	0.04052171	0.03786898	0.03662891	0.03304465	0.03297929	0.02662732	0.0264388	0.02462406	0.02373105	0.01880852	0.01461329	0.01378089	0.01321751	0.01143875	0	0	0	0	0	0	
0.09441178	0.08400125	0.08165312	0.07779223	0.07743049	0.07735114	0.07644613	0.07639962	0.0763417	0.07614881	0.07529427	0.07422566	0.07343538	0.07278411	0.07190187	0.07146415	0.07100092	0.06991927	0.06965229	0.06958597	0.05019676	0.04702213	0.0435222	0.04233113	0.04182528	0.04141485	0.0365483	0.02639049	0.02393024	0.02214335	0.02208857	0.02204563	0.02203149	0.02057501	0.01337506	0	0	0	0	0	0	0	0	0	0	0	
0.09441178	0.08400125	0.08165312	0.07779223	0.07743049	0.07735114	0.07644613	0.07639962	0.0763417	0.07614881	0.07529427	0.07422566	0.07343538	0.07278411	0.07273628	0.07190187	0.07146415	0.07132912	0.07100092	0.06991927	0.06965229	0.06958597	0.06736931	0.06529457	0.05645584	0.05617098	0.05241357	0.04569247	0.04271235	0.03840994	0.0373833	0.03286105	0.02588973	0.02552229	0.02294265	0.01760046	0.0171784	0.009462931	0	0	0	0	0	0	0	0	
0.09441178	0.08400125	0.08165312	0.07779223	0.07743049	0.07735114	0.07644613	0.07639962	0.0763417	0.07614881	0.07529427	0.07422566	0.07343538	0.07278411	0.07273628	0.07190187	0.07146415	0.07132912	0.07100092	0.06991927	0.06011725	0.05650337	0.05475457	0.05352254	0.0509573	0.04993149	0.04043382	0.03936194	0.03594087	0.03378866	0.0267627	0.02588194	0.02347528	0.02048856	0.018825	0.01290558	0.008750861	0	0	0	0	0	0	0	0	0	
0.09441178	0.08400125	0.08165312	0.07779223	0.07743049	0.07735114	0.07644613	0.07639962	0.0763417	0.07614881	0.07529427	0.07422566	0.07343538	0.07278411	0.07273628	0.07190187	0.07146415	0.07132912	0.07100092	0.06991927	0.05684872	0.05373605	0.05154619	0.04879756	0.04657979	0.04614493	0.03698071	0.03483806	0.03184118	0.02538271	0.02495013	0.02490295	0.02205134	0.02029565	0.008052041	0.007229682	0	0	0	0	0	0	0	0	0	0	
0.09441178	0.08400125	0.08165312	0.08018275	0.07779223	0.07743049	0.07735114	0.07644613	0.07639962	0.0763417	0.07614881	0.07529427	0.07422566	0.07343538	0.07278411	0.07273628	0.07190187	0.07146415	0.07132912	0.07100092	0.06991927	0.06259388	0.05212182	0.05030507	0.04590887	0.04243474	0.04055068	0.03459902	0.02966889	0.02924121	0.02438029	0.02225481	0.0007383201	0	0	0	0	0	0	0	0	0	0	0	0	0	
0.09441178	0.08400125	0.08165312	0.08018275	0.07779223	0.07743049	0.07735114	0.07644613	0.07639962	0.0763417	0.07614881	0.07529427	0.07422566	0.07343538	0.07278411	0.07273628	0.07190187	0.07146415	0.07132912	0.07100092	0.0678706	0.0646405	0.06195024	0.05561477	0.0470536	0.04280349	0.03280196	0.03034425	0.02148068	0.01920735	0.01892211	0.01007919	0.001373112	0	0	0	0	0	0	0	0	0	0	0	0	0	
0.09441178	0.08400125	0.08165312	0.08129415	0.08018275	0.07779223	0.07768382	0.07743049	0.07735114	0.07644613	0.07639962	0.0763417	0.07614881	0.07529427	0.07422566	0.07343538	0.07278411	0.07273628	0.07190187	0.07146415	0.07132912	0.07100092	0.06358015	0.05677546	0.05649091	0.04097093	0.03880253	0.03796896	0.03242784	0.03142896	0.02586092	0.02433688	0.02404724	0.02257345	0.02103506	0.01926248	0.01564572	0.01557859	0.007295833	0	0	0	0	0	0	0	
0.09441178	0.08400125	0.08165312	0.08129415	0.08018275	0.07779223	0.07768382	0.07743049	0.07735114	0.07644613	0.07639962	0.0763417	0.07614881	0.07529427	0.07422566	0.07343538	0.07278411	0.07273628	0.07190187	0.07146415	0.0663536	0.06159317	0.05543062	0.05091572	0.05039775	0.04896006	0.04619281	0.0437326	0.0350229	0.03472895	0.03440908	0.03175823	0.02337853	0.01714195	0.01450732	0	0	0	0	0	0	0	0	0	0	0	
0.09441178	0.08400125	0.08165312	0.08129415	0.08018275	0.07779223	0.07768382	0.07743049	0.07735114	0.07644613	0.07639962	0.0763417	0.07614881	0.07529427	0.07422566	0.07343538	0.07278411	0.07273628	0.07190187	0.07146415	0.05766732	0.05373134	0.05053523	0.04901597	0.04606241	0.04023509	0.03858195	0.02626582	0.02478121	0.02282735	0.02187517	0.01966686	0.01551881	0.01406498	0	0	0	0	0	0	0	0	0	0	0	0	
0.09441178	0.08400125	0.08165312	0.08129415	0.08018275	0.07779223	0.07768382	0.07743049	0.07735114	0.07644613	0.07639962	0.0763417	0.07614881	0.07529427	0.07422566	0.07343538	0.07278411	0.07273628	0.07190187	0.07146415	0.06034268	0.05856151	0.04927834	0.04609017	0.0448871	0.04253698	0.03324079	0.0230436	0.0227596	0.02144108	0.01922075	0.01703473	0.01312401	0.01295449	0.01199122	0	0	0	0	0	0	0	0	0	0	0	
0.09441178	0.08400125	0.08249345	0.08165312	0.08129415	0.08018275	0.07779223	0.07768382	0.07743049	0.07735114	0.0765367	0.07644613	0.07639962	0.0763417	0.07614881	0.07529427	0.07422566	0.07343538	0.07278411	0.07273628	0.07190187	0.07146415	0.05453086	0.03934498	0.03666393	0.03140196	0.0300287	0.02713891	0.02504131	0.01996162	0.01634931	0.01429241	0.01376452	0.01215437	0	0	0	0	0	0	0	0	0	0	0	0	
0.09441178	0.08400125	0.08249345	0.08165312	0.08129415	0.08018275	0.07779223	0.07768382	0.07743049	0.07735114	0.0765367	0.07644613	0.07639962	0.0763417	0.07614881	0.07529427	0.07422566	0.07343538	0.07278411	0.07273628	0.06989978	0.06238671	0.05818709	0.05718629	0.05254441	0.05214063	0.05113482	0.05014481	0.0404169	0.03718658	0.02548051	0.02231874	0.02025861	0.01703956	0.01237109	0.01192333	0.006335938	0	0	0	0	0	0	0	0	0	
0.09441178	0.08400125	0.08249345	0.08165312	0.08129415	0.08018275	0.07779223	0.07768382	0.07743049	0.07735114	0.0765367	0.07644613	0.07639962	0.0763417	0.07614881	0.07529427	0.07422566	0.07343538	0.07278411	0.07273628	0.0670012	0.06560789	0.06241582	0.06121973	0.06004876	0.0564402	0.03613137	0.03591741	0.02897219	0.02552694	0.01991258	0.01464444	0.01318322	0.0008957312	0	0	0	0	0	0	0	0	0	0	0	0	
0.09441178	0.08400125	0.08249345	0.08165312	0.08129415	0.08018275	0.07779223	0.07768382	0.07743049	0.07735114	0.0765367	0.07644613	0.07639962	0.0763417	0.07614881	0.07529427	0.07422566	0.07343538	0.07278411	0.07273628	0.06656846	0.06229738	0.0586447	0.05329458	0.05297037	0.05128842	0.05005977	0.04868866	0.04606426	0.04470852	0.04283591	0.03831406	0.03671204	0.03019621	0.02712984	0.02265927	0.02067597	0.01682536	0.01444009	0.01418776	0	0	0	0	0	0	
0.09441178	0.08400125	0.08249345	0.08165312	0.08129415	0.08018275	0.07779223	0.07768382	0.07743049	0.07735114	0.0765367	0.07644613	0.07639962	0.0763417	0.07614881	0.07532674	0.07529427	0.07422566	0.07343538	0.07278411	0.07273628	0.05894813	0.05845632	0.05460173	0.05324149	0.04014912	0.03839456	0.03474487	0.03068144	0.02384228	0.02226764	0.01828707	0.01802478	0.009988084	0	0	0	0	0	0	0	0	0	0	0	0	
0.09441178	0.08400125	0.08249345	0.08165312	0.08129415	0.08018275	0.07779223	0.07768382	0.07743049	0.07735114	0.0765367	0.07644613	0.07639962	0.0763417	0.07614881	0.07532674	0.07529427	0.07422566	0.07343538	0.07278411	0.06875836	0.05377659	0.05017319	0.04246422	0.04027171	0.03073817	0.02858038	0.02578444	0.02560578	0.02523063	0.0210402	0.01947797	0.01738557	0.01639772	0.01630534	0.01465604	0	0	0	0	0	0	0	0	0	0	
0.09441178	0.08400125	0.08249345	0.08165312	0.08129415	0.08018275	0.07779223	0.07768382	0.07743049	0.07735114	0.0765367	0.07644613	0.07639962	0.0763417	0.07614881	0.07532674	0.07529427	0.07422566	0.07343538	0.07278411	0.07117699	0.05149464	0.05098739	0.04864322	0.04331533	0.03512485	0.03145248	0.03105031	0.03016564	0.02406747	0.0229676	0.0223405	0.02074067	0.01845299	0.01753515	0.01477373	0	0	0	0	0	0	0	0	0	0	
0.09441178	0.08400125	0.08249345	0.08165312	0.08129415	0.08018275	0.07779223	0.07768382	0.07743049	0.07735114	0.0765367	0.07644613	0.07639962	0.0763417	0.07614881	0.07532674	0.07529427	0.07422566	0.07343538	0.07278411	0.07114808	0.06753945	0.06649593	0.05197763	0.04142763	0.03981952	0.03598653	0.03256036	0.03043669	0.03003174	0.02563632	0.01883561	0.01756095	0.01260889	0.01222565	0.00294144	0	0	0	0	0	0	0	0	0	0	
0.09441178	0.08400125	0.08249345	0.08165312	0.08129415	0.08018275	0.07779223	0.07768382	0.07743049	0.07735114	0.07663514	0.0765367	0.07644613	0.07639962	0.0763417	0.07614881	0.07532674	0.07529427	0.07422566	0.07343538	0.07278411	0.06719004	0.0619055	0.05276273	0.05076149	0.0500629	0.0486043	0.03730345	0.0329969	0.03024546	0.03001833	0.02891009	0.02466037	0.02434905	0.02048926	0.008724337	0	0	0	0	0	0	0	0	0	0	
0.09441178	0.08400125	0.08249345	0.08165312	0.08129415	0.08018275	0.07779223	0.07768382	0.07743049	0.07735114	0.07663514	0.0765367	0.07644613	0.07639962	0.0763417	0.07614881	0.07532674	0.07529427	0.07422566	0.07343538	0.06955848	0.06385778	0.0580914	0.05675381	0.0501727	0.04472673	0.04044384	0.03667994	0.03660208	0.03269688	0.03100874	0.02985913	0.02979032	0.0296986	0.02630685	0.01261504	0.01101829	0.001594847	0	0	0	0	0	0	0	0	
0.09441178	0.08400125	0.08249345	0.08165312	0.08129415	0.08018275	0.07779223	0.07768382	0.07743049	0.07735114	0.07663514	0.0765367	0.07644613	0.07639962	0.0763417	0.07614881	0.07532674	0.07529427	0.07422566	0.07343538	0.06743519	0.0631462	0.05333045	0.05002286	0.04890172	0.0464959	0.04567112	0.04472198	0.03314829	0.0299591	0.02588218	0.023638	0.02176822	0.01851314	0.01451217	0.01440412	0.010811	0.008812272	0.006601096	0	0	0	0	0	0	0	
0.09441178	0.08400125	0.08249345	0.08165312	0.08129415	0.08018275	0.07779223	0.07768382	0.07743049	0.07735114	0.07663514	0.0765367	0.07644613	0.07639962	0.0763417	0.07614881	0.07532674	0.07529427	0.07422566	0.07343538	0.06453037	0.06228562	0.05483112	0.05260984	0.05013606	0.04732716	0.04657706	0.04519092	0.04319818	0.04280658	0.03509559	0.03393739	0.03265837	0.02073739	0.02053063	0.01933335	0.004011735	0	0	0	0	0	0	0	0	0	
0.09441178	0.08400125	0.08249345	0.08165312	0.08129415	0.08018275	0.07779223	0.07768382	0.07743049	0.07735114	0.07663514	0.0765367	0.07644613	0.07639962	0.0763417	0.07614881	0.07611191	0.07532674	0.07529427	0.07455258	0.07422566	0.07343538	0.04641771	0.04452744	0.03710644	0.03513834	0.03483388	0.02999616	0.02815175	0.02786465	0.02759147	0.02345689	0.02144845	0.01995447	0.01751847	0.01378812	0.009211677	0.006839982	0	0	0	0	0	0	0	0	
0.09441178	0.08400125	0.08249345	0.08165312	0.08129415	0.08018275	0.07779223	0.07768382	0.07743049	0.07735114	0.07663514	0.0765367	0.07644613	0.07639962	0.0763417	0.07614881	0.07611191	0.07532674	0.07529427	0.07455258	0.05931179	0.0550307	0.04929081	0.04379618	0.04141233	0.03778762	0.03444174	0.02943571	0.02792724	0.02683272	0.02564697	0.02520049	0.02416153	0.0240476	0.01804761	0.01767446	0.01619264	0.007471511	0	0	0	0	0	0	0	0	
0.09441178	0.08400125	0.08249345	0.08165312	0.08129415	0.08018275	0.07779223	0.07768382	0.07743049	0.07735114	0.07663514	0.0765367	0.07644613	0.07639962	0.0763417	0.07614881	0.07611191	0.07532674	0.07529427	0.07455258	0.07131623	0.06237273	0.05777441	0.052738	0.04768575	0.0405319	0.03804291	0.03748947	0.03648449	0.03479701	0.03214051	0.02111012	0.01879686	0.01790037	0.004092744	0	0	0	0	0	0	0	0	0	0	0	
0.09441178	0.08400125	0.08249345	0.08165312	0.08129415	0.08018275	0.07779223	0.07768382	0.07743049	0.07735114	0.07663514	0.0765367	0.07644613	0.07639962	0.0763417	0.07614881	0.07611191	0.07532674	0.07529427	0.07455258	0.0400675	0.02977461	0.02925675	0.02421435	0.01550664	0.01020435	0	0	0	0	0	0	0	0	0	0	0	0	0	0	0	0	0	0	0	NaN	
0.09441178	0.08400125	0.08249345	0.08165312	0.08129415	0.08018275	0.07779223	0.07768382	0.07743049	0.07735114	0.07663514	0.0765367	0.07644613	0.07639962	0.0763417	0.07614881	0.07611191	0.07532674	0.07529427	0.07455258	0.06881297	0.06321575	0.05757784	0.05682553	0.05581321	0.05378674	0.05248947	0.04691409	0.04527717	0.03819071	0.03679261	0.02689475	0.01992588	0.01745874	0.01728963	0.01685859	0.01264665	0.0006616749	0	0	0	0	0	0	0	0	
0.09441178	0.08400125	0.08249345	0.08165312	0.08129415	0.08018275	0.07779223	0.07768382	0.07743049	0.07735114	0.07663514	0.0765367	0.07644613	0.07639962	0.0763417	0.07614881	0.07611191	0.07532674	0.07529427	0.07455258	0.06563885	0.06220535	0.05841766	0.04762083	0.04718398	0.04558752	0.03767405	0.03765373	0.03600119	0.0343871	0.02917135	0.02903223	0.02318409	0.01394894	0.01320658	0.01239838	0.005618906	0	0	0	0	0	0	0	0	0	
0.09441178	0.0840527	0.08400125	0.08249345	0.08165312	0.08129415	0.08018275	0.07779223	0.07768382	0.07743049	0.07735114	0.07663514	0.0765367	0.07644613	0.07639962	0.0763417	0.07614881	0.07611191	0.07532674	0.07529427	0.07455258	0.06771524	0.06102671	0.05678147	0.05443115	0.05311939	0.05153595	0.0330725	0.03093377	0.02486552	0.02332354	0.02133029	0.02094943	0.01750322	0.0160854	0.01604398	0.009882713	0	0	0	0	0	0	0	0	0	
0.09441178	0.0840527	0.08400125	0.08249345	0.08165312	0.08129415	0.08018275	0.07779223	0.07768382	0.07743049	0.07735114	0.07663514	0.0765367	0.07644613	0.07639962	0.0763417	0.07614881	0.07611191	0.07532674	0.07529427	0.05858102	0.0583951	0.05369499	0.04958998	0.04887338	0.04841579	0.04210372	0.04134867	0.03390992	0.02966326	0.02865985	0.02400982	0.01994234	0.01935886	0.003609104	0.003385371	0	0	0	0	0	0	0	0	0	0	
0.09441178	0.0840527	0.08400125	0.08249345	0.08165312	0.08129415	0.08018275	0.07779223	0.07768382	0.07743049	0.07735114	0.07663514	0.0765367	0.07644613	0.07639962	0.0763417	0.07614881	0.07611191	0.07587714	0.07532674	0.07529427	0.04672587	0.04604291	0.04329731	0.0423067	0.04035967	0.03946615	0.03796575	0.03130342	0.02362494	0.02120151	0.02077421	0.01565263	0.01424171	0.008864534	0.002732747	0	0	0	0	0	0	0	0	0	0	
0.09441178	0.0840527	0.08400125	0.08249345	0.08165312	0.08129415	0.08018275	0.07779223	0.07768382	0.07743049	0.07735114	0.07663514	0.0765367	0.07644613	0.07639962	0.0763417	0.07614881	0.07611191	0.07587714	0.07532674	0.05535843	0.05154968	0.05085533	0.04950713	0.04946215	0.04390674	0.04366937	0.03801463	0.03083719	0.02598819	0.02494002	0.02471931	0.00809436	0.003610651	0	0	0	0	0	0	0	0	0	0	0	0	
0.09441178	0.0840527	0.08400125	0.08249345	0.08165312	0.08129415	0.08018275	0.07779223	0.07768382	0.07743049	0.07735114	0.07663514	0.0765367	0.07644613	0.07639962	0.0763417	0.07614881	0.07611191	0.07587714	0.07532674	0.05708214	0.05101088	0.05084565	0.03506214	0.02808039	0.02712953	0.02377224	0.02262059	0.02257135	0.02241553	0.01290027	0.009921513	0	0	0	0	0	0	0	0	0	0	0	0	0	0	
0.09441178	0.0840527	0.08400125	0.08249345	0.08165312	0.08129415	0.08018275	0.07779223	0.07768382	0.07743049	0.07735114	0.07663514	0.0765367	0.07644613	0.07639962	0.0763417	0.07614881	0.07611191	0.07587714	0.07532674	0.07000037	0.04936283	0.0432362	0.04162332	0.03045711	0.02901253	0.02826298	0.02254187	0.02182593	0.021502	0.02063207	0.01968873	0.01828696	0.01052237	0	0	0	0	0	0	0	0	0	0	0	0	
0.09441178	0.0840527	0.08400125	0.08249345	0.08165312	0.08129415	0.08018275	0.07779223	0.07768382	0.07743049	0.07735114	0.07663514	0.0765367	0.07644613	0.07639962	0.0763417	0.07614881	0.07611191	0.07587714	0.07532674	0.07050291	0.05666946	0.0514022	0.04035358	0.03852679	0.03373624	0.03089732	0.02501488	0.02367456	0.02225754	0.02203256	0.01701835	0.004887041	0	0	0	0	0	0	0	0	0	0	0	0	0	
0.09441178	0.0840527	0.08400125	0.08249345	0.08165312	0.08129415	0.08018275	0.07779223	0.07768382	0.07743049	0.07735114	0.07663514	0.0765367	0.07644613	0.07639962	0.0763417	0.07614881	0.07611191	0.07587714	0.07532674	0.06220426	0.0601823	0.05199669	0.04595496	0.04391352	0.02640177	0.02549544	0.02134317	0.01890457	0.01731602	0.01702804	0.0157298	0.01568707	0.01511718	0.007981628	0.00628251	0	0	0	0	0	0	0	0	0	0	
0.09441178	0.0840527	0.08400125	0.08249345	0.08165312	0.08129415	0.08018275	0.07779223	0.07768382	0.07743049	0.07735114	0.07663514	0.0765367	0.07644613	0.07639962	0.0763417	0.07614881	0.07611191	0.07587714	0.07532674	0.07024081	0.0528038	0.04455246	0.04348237	0.04158363	0.03755667	0.02569073	0.02464464	0.02461304	0.02401734	0.01996796	0.01541837	0.01261337	0.01244752	0.01100852	0.009527118	0.006050094	0	0	0	0	0	0	0	0	0	
0.09441178	0.0840527	0.08400125	0.08249345	0.08165312	0.08129415	0.08018275	0.07779223	0.07768382	0.07743049	0.07735114	0.07663514	0.0765367	0.07644613	0.07639962	0.0763417	0.07614881	0.07611191	0.07587714	0.07532674	0.06258023	0.05677614	0.05394998	0.05386158	0.03976189	0.03873726	0.03785729	0.03756226	0.0367227	0.02299389	0.01691306	0.01472178	0.01363838	0.01076856	0	0	0	0	0	0	0	0	0	0	0	0	
0.09441178	0.0840527	0.08400125	0.08249345	0.08165312	0.08129415	0.08018275	0.07779223	0.07768382	0.07743049	0.07735114	0.07663514	0.0765367	0.07644613	0.07639962	0.0763417	0.07614881	0.07611191	0.07587714	0.07532674	0.06600939	0.05242489	0.04622687	0.04554955	0.04131061	0.03956263	0.03309238	0.02972352	0.02547043	0.02225785	0.02153132	0.01899005	0.01820645	0.01287387	0.01027056	0	0	0	0	0	0	0	0	0	0	0	
0.09441178	0.0840527	0.08400125	0.08249345	0.08165312	0.08129415	0.08018275	0.07779223	0.07768382	0.07743049	0.07735114	0.07663514	0.0765367	0.07644613	0.07639962	0.0763417	0.07614881	0.07611191	0.07587714	0.07532674	0.06714921	0.06041098	0.04631249	0.04505558	0.04187427	0.04055405	0.03901527	0.03410216	0.02766784	0.02442471	0.02289465	0.02272312	0.0219027	0.01947314	0.013869	0.008007068	0	0	0	0	0	0	0	0	0	0	
0.09441178	0.0840527	0.08400125	0.08249345	0.08165312	0.08129415	0.08018275	0.07779223	0.07768382	0.07743049	0.07735114	0.07663514	0.0765367	0.07644613	0.07639962	0.0763417	0.07614881	0.07611191	0.07587714	0.07536411	0.07532674	0.05826428	0.04959496	0.04937856	0.04832403	0.04536169	0.04520029	0.04402674	0.03931057	0.03119458	0.02843838	0.02828318	0.02593955	0.02319107	0.01491942	0.01386108	0	0	0	0	0	0	0	0	0	0	
0.09441178	0.0840527	0.08400125	0.08249345	0.08165312	0.08129415	0.08018275	0.07779223	0.07768382	0.07743049	0.07735114	0.07663514	0.0765367	0.07644613	0.07639962	0.0763417	0.07614881	0.07611191	0.07587714	0.07536411	0.0744072	0.05202463	0.05003141	0.04699513	0.04595328	0.0442703	0.03929794	0.033391	0.0317232	0.02756259	0.02039671	0.0189306	0.01335276	0	0	0	0	0	0	0	0	0	0	0	0	0	
0.09441178	0.0840527	0.08400125	0.08249345	0.08165312	0.08129415	0.08018275	0.07867494	0.07779223	0.07768382	0.07743049	0.07735114	0.07663514	0.0765367	0.07644613	0.07639962	0.0763417	0.07614881	0.07611191	0.07587714	0.07536411	0.06563435	0.06369907	0.04647291	0.04174297	0.03098228	0.02168649	0.020916	0.01896638	0.01294006	0	0	0	0	0	0	0	0	0	0	0	0	0	0	0	0	
0.09441178	0.0840527	0.08400125	0.08249345	0.08165312	0.08129415	0.08018275	0.07867494	0.07779223	0.07768382	0.07743049	0.07735114	0.07663514	0.0765367	0.07644613	0.07639962	0.0763417	0.07614881	0.07611191	0.07587714	0.059152	0.05068856	0.05035691	0.04769289	0.04433207	0.04352676	0.04067788	0.03653019	0.03569099	0.03448695	0.03358201	0.03334755	0.02287958	0.02211002	0.0203732	0.02020959	0.01344169	0.009890862	0.002807178	0	0	0	0	0	0	0	
0.09441178	0.0840527	0.08400125	0.08249345	0.08165312	0.08129415	0.08018275	0.07867494	0.07779223	0.07768382	0.07743049	0.07735114	0.07663514	0.0765367	0.07644613	0.07639962	0.0763417	0.07614881	0.07611191	0.07587714	0.07190686	0.06681205	0.0606791	0.05728692	0.05028636	0.04621259	0.04157311	0.03911497	0.03233291	0.02820676	0.02609201	0.0244481	0.02414793	0.02157725	0.02121409	0.01129235	0.009099252	0	0	0	0	0	0	0	0	0	
0.09441178	0.0840527	0.08400125	0.08249345	0.08165312	0.08129415	0.08018275	0.07867494	0.07779223	0.07768382	0.07743049	0.07735114	0.07663514	0.0765367	0.07644613	0.07639962	0.0763417	0.07614881	0.07611191	0.07587714	0.04643907	0.04357107	0.04279932	0.03816236	0.03748166	0.03684334	0.03421811	0.03367417	0.0303788	0.02999631	0.02561843	0.02388174	0.02347117	0.02299245	0.02220285	0.02152184	0	0	0	0	0	0	0	0	0	0	
0.09441178	0.0840527	0.08400125	0.08249345	0.08165312	0.08129415	0.08018275	0.07867494	0.07779223	0.07768382	0.07743049	0.07735114	0.07663514	0.0765367	0.07644613	0.07639962	0.0763417	0.07614881	0.07611191	0.07587714	0.06804346	0.06056885	0.05677578	0.05115468	0.048269	0.04666549	0.04450203	0.04282155	0.03771501	0.03696493	0.03274707	0.02869547	0.02814925	0.02214442	0.0210926	0.02085668	0.02007198	0.01928723	0	0	0	0	0	0	0	0	
0.09441178	0.0840527	0.08400125	0.08249345	0.08165312	0.08129415	0.08018275	0.07867494	0.07779223	0.07768382	0.07743049	0.07735114	0.07663514	0.0765367	0.07644613	0.07639962	0.0763417	0.07614881	0.07611191	0.07587714	0.06554435	0.06068851	0.05502915	0.04489763	0.04345769	0.0427723	0.04040436	0.04011149	0.02291819	0.02157973	0.02132641	0.01976852	0.0197629	0.01963689	0.01961591	0.01910155	0.01818106	0.01815151	0.01288442	0	0	0	0	0	0	0	
0.09441178	0.0840527	0.08400125	0.08249345	0.08165312	0.08129415	0.08018275	0.07867494	0.07779223	0.07768382	0.07743049	0.07735114	0.07663514	0.0765367	0.07644613	0.07639962	0.0763417	0.07614881	0.07611191	0.07587714	0.06145785	0.06131694	0.05035166	0.04829167	0.02430283	0.0240798	0.02379349	0.02291424	0.02223721	0.0212913	0.0201399	0.01954786	0.01583203	0.01047293	0	0	0	0	0	0	0	0	0	0	0	0	
0.09441178	0.0840527	0.08400125	0.08249345	0.08165312	0.08129415	0.08018275	0.07867494	0.07779223	0.07768382	0.07743049	0.07735114	0.07663514	0.0765367	0.07644613	0.07639962	0.0763417	0.07614881	0.07611191	0.07587714	0.06963849	0.0570516	0.05231588	0.04789806	0.0422168	0.04174187	0.0324176	0.0274586	0.02468889	0.01962142	0.01604966	0.01450176	0.01411276	0.004030056	0.0002776693	0	0	0	0	0	0	0	0	0	0	0	
0.09441178	0.0840527	0.08400125	0.08249345	0.08165312	0.08129415	0.08018275	0.07867494	0.07779223	0.07768382	0.07743049	0.07735114	0.07663514	0.0765367	0.07644613	0.07639962	0.0763417	0.07614881	0.07611191	0.07587714	0.06402245	0.05981454	0.05483689	0.04359626	0.04323797	0.04183488	0.03826174	0.03384091	0.02923297	0.0278978	0.01685864	0.01314554	0	0	0	0	0	0	0	0	0	0	0	0	0	0	
0.09441178	0.0840527	0.08400125	0.08249345	0.08165312	0.08129415	0.08018275	0.07867494	0.07779223	0.07768382	0.07743049	0.07735114	0.07663514	0.0765367	0.07644613	0.07639962	0.0763417	0.07614881	0.07611191	0.07587714	0.07409728	0.06772885	0.05645749	0.05047718	0.04896669	0.04797394	0.04755778	0.04750902	0.0297173	0.02873269	0.02804991	0.02239884	0.01944251	0.0107168	0	0	0	0	0	0	0	0	0	0	0	0	
0.09441178	0.0840527	0.08400125	0.08249345	0.08165312	0.08129415	0.08018275	0.07867494	0.07779223	0.07768382	0.07743049	0.07735114	0.07663514	0.0765367	0.07644613	0.07639962	0.0763417	0.07614881	0.07611191	0.07587714	0.05893023	0.0556644	0.05253793	0.0500866	0.04998482	0.049055	0.04748997	0.04308423	0.04199127	0.04082831	0.04054114	0.03745379	0.03398562	0.0339625	0.02349758	0.02024907	0.006212475	0	0	0	0	0	0	0	0	0	
0.09441178	0.0840527	0.08400125	0.08249345	0.08165312	0.08129415	0.08018275	0.07867494	0.07779223	0.07768382	0.07743049	0.07735114	0.07663514	0.0765367	0.07644613	0.07639962	0.0763417	0.07614881	0.07611191	0.07587714	0.07109594	0.05074529	0.04679714	0.04483343	0.04041705	0.03849448	0.03585151	0.03566891	0.03380776	0.03333952	0.03047482	0.02829194	0.02743557	0.02497386	0.01504188	0.01126113	0.01121007	0.01078435	0	0	0	0	0	0	0	0	
0.09441178	0.0840527	0.08400125	0.08249345	0.08165312	0.08129415	0.08018275	0.07867494	0.07779223	0.07768382	0.07743049	0.07735114	0.07663514	0.0765367	0.07644613	0.07639962	0.0763417	0.07614881	0.07611191	0.07587714	0.07170289	0.05368619	0.05219961	0.04866236	0.04487007	0.04454225	0.03022305	0.02500929	0.02257856	0.01988688	0.01559888	0.002510783	0	0	0	0	0	0	0	0	0	0	0	0	0	0	
0.09441178	0.0840527	0.08400125	0.08249345	0.08165312	0.08129415	0.08018275	0.07867494	0.07779223	0.07768382	0.07743049	0.07735114	0.07663514	0.0765367	0.07644613	0.07639962	0.0763417	0.07614881	0.07611191	0.07587714	0.06385835	0.05523133	0.04959598	0.04612602	0.03747573	0.03601695	0.03317172	0.03239057	0.02646175	0.02628437	0.02467806	0.02254209	0.02141307	0.009701403	0.008653059	0	0	0	0	0	0	0	0	0	0	0	
0.09441178	0.0840527	0.08400125	0.08249345	0.08165312	0.08129415	0.08018275	0.07867494	0.07779223	0.07768382	0.07743049	0.07735114	0.07663514	0.0765367	0.07644613	0.07639962	0.0763417	0.07614881	0.07611191	0.07587714	0.06684441	0.06350052	0.06248824	0.05814467	0.04205661	0.0406925	0.03778969	0.03384614	0.02682757	0.02643222	0.02368553	0.02282158	0.0212111	0.0200059	0.01606016	0.01322285	0.009126021	0	0	0	0	0	0	0	0	0	
0.09441178	0.0840527	0.08400125	0.08249345	0.08165312	0.08129415	0.08018275	0.07867494	0.07779223	0.07768382	0.07743049	0.07735114	0.07663514	0.0765367	0.07644613	0.07639962	0.0763417	0.07614881	0.07611191	0.07587714	0.05862109	0.05650995	0.05416749	0.04813932	0.04667661	0.04392227	0.0406855	0.03446143	0.03331528	0.02824877	0.02759865	0.02359456	0.02156622	0.01967295	0.01870651	0.01733001	0.008808639	0	0	0	0	0	0	0	0	0	
0.09441178	0.0840527	0.08400125	0.08249345	0.08165312	0.08129415	0.08018275	0.07867494	0.07779223	0.07768382	0.07743049	0.07735114	0.07663514	0.0765367	0.07644613	0.07639962	0.0763417	0.07614881	0.07611191	0.07587714	0.06508884	0.06223405	0.03439062	0.03045259	0.02998616	0.02615931	0.02505694	0.02392786	0.02327359	0.01885246	0.0116795	0.006687132	0	0	0	0	0	0	0	0	0	0	0	0	0	0	
0.09441178	0.0840527	0.08400125	0.08249345	0.08165312	0.08129415	0.08018275	0.07867494	0.07779223	0.07768382	0.07743049	0.07735114	0.07663514	0.0765367	0.07644613	0.07639962	0.0763417	0.07614881	0.07611191	0.07587714	0.05638943	0.05513254	0.04974621	0.04947643	0.04781693	0.04738048	0.03678749	0.03531696	0.03433984	0.03268006	0.02827858	0.02320516	0.01974976	0.01846348	0.01839654	0.01835755	0.01832483	0	0	0	0	0	0	0	0	0	
0.09441178	0.0840527	0.08400125	0.08249345	0.08165312	0.08129415	0.08018275	0.07867494	0.07779223	0.07768382	0.07743049	0.07735114	0.07663514	0.0765367	0.07644613	0.07639962	0.0763417	0.07614881	0.07611191	0.07587714	0.05557364	0.05501782	0.05056305	0.04959116	0.04116698	0.037207	0.03359446	0.0300917	0.02884562	0.02485873	0.02074661	0.0177246	0.01664099	0	0	0	0	0	0	0	0	0	0	0	0	0	
0.09441178	0.0840527	0.08400125	0.08249345	0.08165312	0.08129415	0.08018275	0.07867494	0.07779223	0.07768382	0.07743049	0.07735114	0.07663514	0.0765367	0.07644613	0.07639962	0.0763417	0.07614881	0.07611191	0.07587714	0.07330772	0.06734653	0.05906168	0.0521749	0.05179759	0.05142543	0.04289477	0.04135303	0.03819941	0.03749934	0.0374901	0.03711609	0.02464169	0.02175067	0.02125622	0.01851627	0.01737318	0	0	0	0	0	0	0	0	0	
0.09441178	0.0840527	0.08400125	0.08249345	0.08165312	0.08129415	0.08018275	0.07867494	0.07779223	0.07768382	0.07743049	0.07735114	0.07663514	0.0765367	0.07644613	0.07639962	0.0763417	0.07614881	0.07611191	0.07587714	0.06401678	0.05454625	0.05234376	0.05162937	0.04792165	0.03765506	0.03355398	0.03114002	0.02584107	0.0254536	0.02458948	0.02368564	0.01828814	0.01782221	0.009349605	0.006458633	0	0	0	0	0	0	0	0	0	0	
0.09441178	0.0840527	0.08400125	0.08249345	0.08165312	0.08129415	0.08018275	0.07867494	0.07779223	0.07768382	0.07743049	0.07735114	0.07663514	0.0765367	0.07644613	0.07639962	0.0763417	0.07614881	0.07611191	0.07587714	0.06155389	0.05497163	0.05157823	0.05122666	0.05025272	0.0480618	0.04695299	0.0422862	0.03990979	0.03556005	0.02589542	0.0243919	0.02281772	0.02256701	0.02211636	0.0205725	0.01771577	0.008144979	0.002884537	0.001049382	0	0	0	0	0	0	
0.09441178	0.0840527	0.08400125	0.08249345	0.08165312	0.08129415	0.08018275	0.07867494	0.07779223	0.07768382	0.07743049	0.07735114	0.07663514	0.0765367	0.07644613	0.07639962	0.0763417	0.07614881	0.07611191	0.07587714	0.06279317	0.05864765	0.05262331	0.05141096	0.04367849	0.04044112	0.03128175	0.03052652	0.02714522	0.01946599	0.01807836	0.01748127	0.01620814	0.01092212	0	0	0	0	0	0	0	0	0	0	0	0	
0.09441178	0.0840527	0.08400125	0.08249345	0.08165312	0.08129415	0.08018275	0.07867494	0.07779223	0.07768382	0.07743049	0.07735114	0.07663514	0.0765367	0.07644613	0.07639962	0.0763417	0.07614881	0.07611191	0.07587714	0.06746184	0.05998661	0.05979278	0.05833126	0.05166143	0.04533077	0.04376371	0.03737911	0.0348765	0.0275308	0.0274161	0.02531539	0.02526344	0.01952468	0.01548829	0.01496466	0	0	0	0	0	0	0	0	0	NaN	
0.09441178	0.09353258	0.0840527	0.08400125	0.08249345	0.08165312	0.08129415	0.08018275	0.07867494	0.07779223	0.07768382	0.07743049	0.07735114	0.07663514	0.0765367	0.07644613	0.07639962	0.0763417	0.07614881	0.07611191	0.07587714	0.07566426	0.0633124	0.05512789	0.05459081	0.04919921	0.04712026	0.04337537	0.04250239	0.03919122	0.03487948	0.03266605	0.0294571	0.02364149	0.02317445	0.01493638	0.01418336	0.009687386	0.006920766	0.004713977	0	0	0	0	0	0	
0.09441178	0.09353258	0.0840527	0.08400125	0.08249345	0.08165312	0.08129415	0.08018275	0.07867494	0.07779223	0.07768382	0.07743049	0.07735114	0.07663514	0.0765367	0.07644613	0.07639962	0.0763417	0.07614881	0.07611191	0.05683865	0.05180459	0.05047108	0.04750362	0.04156207	0.03141074	0.028128	0.01835231	0.01725132	0.01301164	0.01247937	0.01245197	0.009018759	0.003048318	0	0	0	0	0	0	0	0	0	0	0	0	
0.09441178	0.09353258	0.0840527	0.08400125	0.08249345	0.08165312	0.08164676	0.08129415	0.08018275	0.07867494	0.07779223	0.07768382	0.07743049	0.07735114	0.07663514	0.0765367	0.07644613	0.07639962	0.0763417	0.07614881	0.07611191	0.06711733	0.04767769	0.04674903	0.03954709	0.03267969	0.02880962	0.02614349	0.02541617	0.0236223	0.02310936	0.02088386	0.02013646	0.01831484	0.01079632	0	0	0	0	0	0	0	0	0	0	0	
0.09441178	0.09353258	0.0840527	0.08400125	0.08249345	0.08165312	0.08164676	0.08129415	0.08018275	0.07867494	0.07779223	0.07768382	0.07743049	0.07735114	0.07663514	0.0765367	0.07644613	0.07639962	0.0763417	0.07614881	0.07571407	0.06391545	0.05491599	0.04837593	0.0326646	0.02924678	0.02766117	0.02701766	0.02561923	0.0238114	0.0237753	0.02376532	0.02233076	0.02157294	0.02044198	0.01230321	0.009887716	0	0	0	0	0	0	0	0	0	
0.09441178	0.09353258	0.0840527	0.08400125	0.08249345	0.08165312	0.08164676	0.08129415	0.08018275	0.07867494	0.07779223	0.07768382	0.07743049	0.07735114	0.07663514	0.0765367	0.07644613	0.07639962	0.0763417	0.07614881	0.06085997	0.05697628	0.04746572	0.04537604	0.04131129	0.03343172	0.03089264	0.03031466	0.02960517	0.02592029	0.02225811	0.02033845	0.01902097	0.01760754	0	0	0	0	0	0	0	0	0	0	0	0	
0.09441178	0.09353258	0.0840527	0.08400125	0.08249345	0.08165312	0.08164676	0.08129415	0.08018275	0.07867494	0.07779223	0.07768382	0.07743049	0.07735114	0.07663514	0.0765367	0.07644613	0.07639962	0.0763417	0.07614881	0.07551913	0.06079021	0.06040115	0.05644718	0.04858991	0.0442687	0.03574199	0.03137959	0.02918204	0.02656887	0.0258917	0.02511623	0.02289767	0.02173831	0.01479923	0.01102466	0	0	0	0	0	0	0	0	0	0	
0.09441178	0.09353258	0.0840527	0.08400125	0.08249345	0.08165312	0.08164676	0.08129415	0.08018275	0.07867494	0.07779223	0.07768382	0.07743049	0.07735114	0.07663514	0.0765367	0.07644613	0.07639962	0.0763417	0.07614881	0.05740312	0.05591941	0.05459347	0.04839581	0.04269527	0.04187998	0.04187265	0.04099389	0.03895755	0.03553033	0.03197998	0.02932334	0.02328013	0.02263516	0.02148243	0.01894629	0.01592404	0.01202734	0.002192642	0	0	0	0	0	0	0	
0.09441178	0.09353258	0.0840527	0.08400125	0.08249345	0.08165312	0.08164676	0.08129415	0.08018275	0.07867494	0.07779223	0.07768382	0.07743049	0.07735114	0.07663514	0.0765367	0.07644613	0.07639962	0.0763417	0.07614881	0.06890929	0.06664605	0.0585053	0.05735365	0.049299	0.04928158	0.04919999	0.04289742	0.03330114	0.03013393	0.02743342	0.0206896	0.01631728	0.01587963	0.01521477	0	0	0	0	0	0	0	0	0	0	0	
0.09441178	0.09353258	0.0840527	0.08400125	0.08249345	0.08165312	0.08164676	0.08129415	0.08018275	0.07867494	0.07779223	0.07768382	0.07743049	0.07735114	0.07663514	0.0765367	0.07644613	0.07639962	0.0763417	0.07614881	0.05386579	0.04669365	0.04569903	0.03952909	0.03286434	0.02589341	0.02539855	0.01917462	0.01859729	0.0178137	0.006618957	0.006225555	0	0	0	0	0	0	0	0	0	0	0	0	0	0	
0.09441178	0.09353258	0.0840527	0.08400125	0.08249345	0.08165312	0.08164676	0.08129415	0.08018275	0.07867494	0.07779223	0.07768382	0.07743049	0.07735114	0.07663514	0.0765367	0.07644613	0.07639962	0.0763417	0.07614881	0.07316165	0.05336198	0.05162002	0.04036883	0.03969822	0.03794022	0.03503025	0.03297651	0.02720395	0.02624585	0.02557683	0.02359129	0.02220811	0.02176713	0.02059998	0.01230442	0.00628069	0.0004166065	0	0	0	0	0	0	0	0	
0.09441178	0.09353258	0.0840527	0.08400125	0.08249345	0.08165312	0.08164676	0.08129415	0.08018275	0.07867494	0.07779223	0.07768382	0.07743049	0.07735114	0.07663514	0.0765367	0.07644613	0.07639962	0.0763417	0.07614881	0.06674199	0.06052777	0.05720155	0.05425683	0.05318718	0.04102565	0.04072754	0.03991719	0.03735337	0.03027288	0.02880249	0.02830567	0.02744841	0.02273889	0.02234661	0.0211265	0.01975013	0.002216718	0	0	0	0	0	0	0	0	
0.09441178	0.09353258	0.0840527	0.08400125	0.08249345	0.08165312	0.08164676	0.08129415	0.08018275	0.07867494	0.07779223	0.07768382	0.07743049	0.07735114	0.07663514	0.0765367	0.07644613	0.07639962	0.0763417	0.07614881	0.05813214	0.05316313	0.04645416	0.0460964	0.03653183	0.03604927	0.03570486	0.03366756	0.02615828	0.0231709	0.02243261	0.0115817	0.008919596	0	0	0	0	0	0	0	0	0	0	0	0	0	
0.09441178	0.09353258	0.0840527	0.08400125	0.08249345	0.08165312	0.08164676	0.08129415	0.08018275	0.07867494	0.07779223	0.07768382	0.07743049	0.07735114	0.07663514	0.0765367	0.07644613	0.07639962	0.0763417	0.07614881	0.05217629	0.05018805	0.04553042	0.04201913	0.03323473	0.03180062	0.03126651	0.02926434	0.02837285	0.02728849	0.02365352	0.02357935	0.02192244	0.0211144	0.02022552	0.01651844	0.01528344	0.008700117	0	0	0	0	0	0	0	0	
0.09441178	0.09353258	0.0840527	0.08400125	0.08249345	0.08165312	0.08164676	0.08129415	0.08018275	0.07927921	0.07867494	0.07779223	0.07768382	0.07743049	0.07735114	0.07663514	0.0765367	0.07644613	0.07644003	0.07639962	0.0763417	0.07614881	0.06877696	0.04556224	0.0455207	0.03666886	0.03344275	0.03226279	0.03017749	0.01430191	0.01341123	0	0	0	0	0	0	0	0	0	0	0	0	0	0	0	
0.09441178	0.09353258	0.0840527	0.08400125	0.08249345	0.08165312	0.08164676	0.08129415	0.08018275	0.07927921	0.07867494	0.07779223	0.07768382	0.07743049	0.07735114	0.07663514	0.0765367	0.07644613	0.07644003	0.07639962	0.05893301	0.04979974	0.0491524	0.04823272	0.04798658	0.04772864	0.04412791	0.03857321	0.03594936	0.03024232	0.02869467	0.01732269	0.01650626	0	0	0	0	0	0	0	0	0	0	0	0	0	
0.09441178	0.09353258	0.08474085	0.0840527	0.08400125	0.08249345	0.08165312	0.08164676	0.08129415	0.08018275	0.07927921	0.07867494	0.07779223	0.07768382	0.07743049	0.07735114	0.07663514	0.0765367	0.07644613	0.07644003	0.07639962	0.07034332	0.0499713	0.04525255	0.03858848	0.03238272	0.03120042	0.02784968	0.0264603	0.02514133	0.02356671	0.02061909	0.01487455	0.01480628	0.0126851	0.01241275	0.00948371	0.007382118	0	0	0	0	0	0	0	0	
0.09441178	0.09353258	0.08474085	0.0840527	0.08400125	0.08249345	0.08165312	0.08164676	0.08129415	0.08018275	0.07927921	0.07867494	0.07779223	0.07768382	0.07743049	0.07735114	0.07663514	0.0765367	0.07644613	0.07644003	0.05589286	0.05372877	0.0534282	0.04926294	0.04566851	0.0444308	0.03907599	0.03901645	0.03134244	0.02974577	0.02153594	0.01784313	0.01666041	0.004762767	0	0	0	0	0	0	0	0	0	0	0	0	
0.09441178	0.09353258	0.08474085	0.0840527	0.08400125	0.08249345	0.08165312	0.08164676	0.08129415	0.08018275	0.07927921	0.07867494	0.07779223	0.07768382	0.07743049	0.07735114	0.07663514	0.0765367	0.07644613	0.07644003	0.06185212	0.0571767	0.05640699	0.05538462	0.05457522	0.04625282	0.04541644	0.04204781	0.03895196	0.03887306	0.0289571	0.02497874	0.0240048	0.0234594	0.02227401	0.01121443	0	0	0	0	0	0	0	0	0	0	
0.09441178	0.09353258	0.08474085	0.0840527	0.08400125	0.08249345	0.08165312	0.08164676	0.08129415	0.08018275	0.07927921	0.07867494	0.07779223	0.07768382	0.07743049	0.07735114	0.07663514	0.0765367	0.07644613	0.07644003	0.07570309	0.07047676	0.06562018	0.0474462	0.04729478	0.04584241	0.03987667	0.03879555	0.0366309	0.03390422	0.03187856	0.02914474	0.02347734	0.02341234	0.02235144	0.02217269	0.01003666	0	0	0	0	0	0	0	0	0	
0.09441178	0.09353258	0.08474085	0.0840527	0.08400125	0.08249345	0.08165312	0.08164676	0.08129415	0.08018275	0.07927921	0.07867494	0.07779223	0.07768382	0.07743049	0.07735114	0.07663514	0.0765367	0.07644613	0.07644003	0.05723716	0.05363894	0.05032533	0.04656483	0.04526754	0.03372245	0.0302207	0.02803863	0.02397838	0.02080048	0.01914644	0.01043976	0	0	0	0	0	0	0	0	0	0	0	0	0	0	
0.09441178	0.09353258	0.08819295	0.08474085	0.0840527	0.08400125	0.08249345	0.08165312	0.08164676	0.08129415	0.08018275	0.07927921	0.07867494	0.07779223	0.07768382	0.07743049	0.07735114	0.07721977	0.07663514	0.0765367	0.07644613	0.07644003	0.07471602	0.06978636	0.06702807	0.05966251	0.05310351	0.04834341	0.0474291	0.0430413	0.02888963	0.02837389	0.02533661	0.0248022	0.02333374	0.0206002	0.01969684	0.01851035	0	0	0	0	0	0	0	0	
0.09441178	0.09353258	0.08819295	0.08474085	0.0840527	0.08400125	0.08249345	0.08165312	0.08164676	0.08129415	0.08018275	0.07927921	0.07867494	0.07779223	0.07768382	0.07743049	0.07735114	0.07721977	0.07663514	0.0765367	0.06964526	0.06303538	0.05118439	0.04910576	0.04560214	0.03756582	0.03359733	0.03043706	0.02843928	0.02830555	0.0242389	0.02409201	0.02348775	0.01920331	0	0	0	0	0	0	0	0	0	0	0	0	
0.09441178	0.09353258	0.08819295	0.08474085	0.0840527	0.08400125	0.08249345	0.08165312	0.08164676	0.08129415	0.08018275	0.07927921	0.07867494	0.07779223	0.07768382	0.07743049	0.07735114	0.07721977	0.07663514	0.0765367	0.05266267	0.05206889	0.04802848	0.04552239	0.04189269	0.0256976	0.02559071	0.0249359	0.02110959	0.02004836	0.01923574	0.01906115	0.0188527	0.01796572	0.01482419	0	0	0	0	0	0	0	0	0	0	0	
0.09441178	0.09353258	0.08819295	0.08474085	0.0840527	0.08400125	0.08249345	0.08165312	0.08164676	0.08129415	0.08018275	0.07927921	0.07867494	0.07779223	0.07768382	0.07743049	0.07735114	0.07721977	0.07716504	0.07663514	0.0765367	0.04895374	0.04869726	0.04542522	0.04348106	0.04268334	0.04024779	0.03462239	0.0335896	0.03093901	0.02462986	0.02249747	0.021857	0.01974409	0.01839534	0.01775702	0.008783965	0.004839791	0.004566452	0	0	0	0	0	0	0	
0.09441178	0.09353258	0.08819295	0.08474085	0.0840527	0.08400125	0.08249345	0.08165312	0.08164676	0.08129415	0.08018275	0.07927921	0.07867494	0.07779223	0.07768382	0.07743049	0.07735114	0.07721977	0.07716504	0.07663514	0.06983035	0.06874588	0.06567863	0.0573253	0.0570175	0.05209385	0.05078238	0.04194705	0.04149407	0.03839067	0.0370188	0.03279917	0.03138687	0.03006598	0.02876084	0.02672632	0.02557986	0.002854653	0	0	0	0	0	0	0	0	
0.09441178	0.09353258	0.08861145	0.08819295	0.08474085	0.0840527	0.08400125	0.08372434	0.08249345	0.08165312	0.08164676	0.08129415	0.08018275	0.07927921	0.07867494	0.07779223	0.07768382	0.07743049	0.07735114	0.07721977	0.07716504	0.07663514	0.07458542	0.05178189	0.04756879	0.04523752	0.04103326	0.04047114	0.03366913	0.03027864	0.0302475	0.0269006	0.02681436	0.02456341	0.02257337	0.01909544	0.01842292	0.00505777	0	0	0	0	0	0	0	0	
0.09441178	0.09353258	0.08861145	0.08819295	0.08474085	0.0840527	0.08400125	0.08372434	0.08249345	0.08165312	0.08164676	0.08129415	0.08018275	0.07927921	0.07867494	0.07779223	0.07768382	0.07743049	0.07735114	0.07721977	0.06750307	0.06222981	0.05568745	0.05338412	0.04633803	0.03135205	0.02553592	0.02255243	0.01907935	0.01730042	0	0	0	0	0	0	0	0	0	0	0	0	0	0	0	0	
0.09441178	0.09353258	0.08861145	0.08819295	0.08474085	0.0840527	0.08400125	0.08372434	0.08249345	0.08165312	0.08164676	0.08129415	0.08018275	0.07927921	0.07867494	0.07779223	0.07768382	0.07743049	0.07735114	0.07721977	0.06787767	0.05482808	0.05019926	0.04572953	0.04467503	0.0442206	0.04043854	0.03408314	0.03400809	0.0308123	0.0294679	0.02591701	0.02050041	0.01538108	0.01440212	0.01403494	0.0008668337	0	0	0	0	0	0	0	0	0	
0.09441178	0.09353258	0.08861145	0.08819295	0.08474085	0.0840527	0.08400125	0.08372434	0.08249345	0.08165312	0.08164676	0.08129415	0.08018275	0.07927921	0.07867494	0.07779223	0.07768382	0.07743049	0.07735114	0.07721977	0.05938019	0.05592483	0.04452726	0.04375477	0.03800746	0.03616666	0.03339261	0.02738583	0.02197673	0.021619	0.01999721	0.01877699	0	0	0	0	0	0	0	0	0	0	0	0	0	0	
0.09441178	0.09353258	0.08861145	0.08819295	0.08474085	0.0840527	0.08400125	0.08372434	0.08249345	0.08165312	0.08164676	0.08129415	0.08018275	0.07927921	0.07867494	0.07779223	0.07768382	0.07743049	0.07735114	0.07721977	0.06134177	0.05018675	0.04640942	0.0428427	0.03726193	0.03533544	0.03376789	0.03182475	0.0295116	0.02794055	0.0265795	0.02438538	0.02358771	0.01904072	0.01825355	0.01809953	0.01632543	0.01575528	0.01394911	0.01096025	0	0	0	0	0	0	
0.09441178	0.09353258	0.08944617	0.08861145	0.08819295	0.08474085	0.0840527	0.08400125	0.08372434	0.08249345	0.08165312	0.08164676	0.08129415	0.08018275	0.07927921	0.07909727	0.07867494	0.07779223	0.07768382	0.07743049	0.07735114	0.07721977	0.05193393	0.05138743	0.04907326	0.047169	0.04417938	0.03932931	0.03803387	0.02615982	0.02506058	0.02496877	0.02038559	0.01702347	0.01497573	0.004620625	0	0	0	0	0	0	0	0	0	0	
0.09441178	0.09353258	0.08944617	0.08861145	0.08819295	0.08474085	0.0840527	0.08400125	0.08372434	0.08249345	0.08165312	0.08164676	0.08129415	0.08018275	0.07967688	0.07927921	0.07909727	0.07867494	0.07779223	0.07768382	0.07743049	0.05013296	0.0491261	0.04875745	0.0430719	0.04291962	0.04261999	0.04065847	0.03686037	0.02627051	0.02426322	0.02252225	0.02157472	0.02038668	0.01748568	0.01557421	0.01285587	0.01182595	0	0	0	0	0	0	0	0	
0.09441178	0.09353258	0.08944617	0.08861145	0.08819295	0.08474085	0.0840527	0.08400125	0.08372434	0.08249345	0.08165312	0.08164676	0.08129415	0.08018275	0.07967688	0.07927921	0.07909727	0.07867494	0.07779223	0.07768382	0.06264376	0.05928924	0.05363334	0.05034003	0.04876113	0.04793315	0.04524875	0.03842276	0.03789787	0.02987978	0.02358305	0.02181489	0.01689299	0.01661819	0.01516667	0.009586223	0	0	0	0	0	0	0	0	0	0	
0.09441178	0.09353258	0.08944617	0.08861145	0.08819295	0.08474085	0.0840527	0.08400125	0.08372434	0.08249345	0.08165312	0.08164676	0.08129415	0.08018275	0.07967688	0.07927921	0.07909727	0.07867494	0.07779223	0.07768382	0.0545242	0.05404984	0.05164417	0.05062139	0.04965832	0.04793957	0.043033	0.04024372	0.03853016	0.03455681	0.0298897	0.02973739	0.02717462	0.02524421	0.02243323	0.01962809	0.01711447	0.01668721	0	0	0	0	0	0	0	0	
0.09441178	0.09353258	0.09058315	0.08944617	0.08861145	0.08819295	0.08474085	0.0840527	0.08400125	0.08372434	0.08249345	0.08165312	0.08164676	0.08129415	0.08018275	0.07967688	0.07927921	0.07909727	0.07867494	0.07779223	0.07768382	0.06737209	0.05104337	0.04921865	0.04894102	0.04292227	0.03872506	0.03751308	0.03370194	0.03166391	0.023771	0.02358365	0.02351574	0.02147909	0.01862576	0.01656779	0.01208455	0	0	0	0	0	0	0	0	0	
0.09441178	0.09353258	0.09058315	0.08944617	0.08861145	0.08819295	0.08474085	0.0840527	0.08400125	0.08372434	0.08249345	0.08165312	0.08164676	0.08129415	0.08018275	0.07967688	0.07927921	0.07909727	0.07867494	0.07779223	0.05360721	0.0496744	0.04496361	0.04115569	0.04063988	0.03955141	0.03923137	0.03821328	0.03498955	0.02583216	0.02536179	0.02218634	0.02125929	0.01627736	0.0149603	0.01414281	0	0	0	0	0	0	0	0	0	0	
0.09441178	0.09353258	0.09058315	0.08944617	0.08861145	0.08819295	0.08474085	0.0840527	0.08400125	0.08372434	0.08249345	0.08165312	0.08164676	0.08129415	0.08018275	0.07967688	0.07927921	0.07909727	0.07867494	0.07779223	0.06865154	0.06225404	0.05428148	0.05302265	0.04765454	0.04133017	0.04131422	0.03911252	0.03702218	0.03063838	0.03016363	0.0298024	0.02445281	0.02414017	0.02352848	0.02167122	0.02001703	0.01517894	0.006885207	0.002023548	0	0	0	0	0	0	
0.09441178	0.09353258	0.09058315	0.08944617	0.08861145	0.08819295	0.08474085	0.0840527	0.08400125	0.08372434	0.08249345	0.08165312	0.08164676	0.08129415	0.08019127	0.08018275	0.07967688	0.07927921	0.07909727	0.07867494	0.07779223	0.06278265	0.05384045	0.05194822	0.05151109	0.0451486	0.04120238	0.03986567	0.03652444	0.02787612	0.02077258	0.02034719	0.01904055	0.01856411	0.01661638	0.01655375	0.01140377	0	0	0	0	0	0	0	0	0	
0.09441178	0.09353258	0.09058315	0.08944617	0.08861145	0.08819295	0.08474085	0.0840527	0.08400125	0.08372434	0.08249345	0.08165312	0.08164676	0.08129415	0.08019127	0.08018275	0.07967688	0.07927921	0.07909727	0.07867494	0.061256	0.05097511	0.04991853	0.047609	0.04047045	0.03962548	0.0381048	0.02122161	0.01915452	0.01891845	0	0	0	0	0	0	0	0	0	0	0	0	0	0	0	0	
0.09441178	0.09353258	0.09058315	0.08944617	0.08861145	0.08819295	0.08474085	0.0840527	0.08400125	0.08372434	0.08249345	0.08165312	0.08164676	0.08129415	0.08019127	0.08018275	0.07967688	0.07927921	0.07909727	0.07867494	0.05904236	0.05564699	0.05379702	0.05315326	0.04981287	0.04884968	0.04042742	0.03720518	0.03627321	0.03453013	0.02720213	0.02094021	0.01722434	0.01301416	0	0	0	0	0	0	0	0	0	0	0	0	
0.09441178	0.09353258	0.09058315	0.09011674	0.08944617	0.08861145	0.08819295	0.08474085	0.0840527	0.08400125	0.08372434	0.08249345	0.08165312	0.08164676	0.08129415	0.08019127	0.08018275	0.07967688	0.07927921	0.07909727	0.07867494	0.06020659	0.06020297	0.05396386	0.05082313	0.04727767	0.02816694	0.02410108	0.02143113	0.01929397	0.01928606	0.01410475	0.01316235	0	0	0	0	0	0	0	0	0	0	0	0	0	
0.09441178	0.09353258	0.09058315	0.09011674	0.08944617	0.08861145	0.08819295	0.08474085	0.0840527	0.08400125	0.08372434	0.08249345	0.08165312	0.08164676	0.08129415	0.08019127	0.08018275	0.07967688	0.07927921	0.07909727	0.06589613	0.06262137	0.05424706	0.0526817	0.05253902	0.0445646	0.04152232	0.04028983	0.03449054	0.02942946	0.02614414	0.02512162	0.02330234	0.02130425	0.01789264	0.01416474	0.011159	0	0	0	0	0	0	0	0	0	
0.09441178	0.09353258	0.09058315	0.09011674	0.08944617	0.08861145	0.08819295	0.08474085	0.0840527	0.08400125	0.08372434	0.08249345	0.08165312	0.08164676	0.08129415	0.08019127	0.08018275	0.07967688	0.07927921	0.07909727	0.06802693	0.05642898	0.05367795	0.05291557	0.04379875	0.04363919	0.04251615	0.03969046	0.03735	0.03721054	0.02869088	0.02544806	0.02407824	0.02030409	0.01871159	0.01692142	0.01601042	0.01022053	0	0	0	0	0	0	0	0	
0.09441178	0.09353258	0.09058315	0.09011674	0.08944617	0.08861145	0.08819295	0.08474085	0.0840527	0.08400125	0.08372434	0.08249345	0.08165312	0.08164676	0.08129415	0.08019127	0.08018275	0.07967688	0.07927921	0.07909727	0.06869683	0.05923343	0.05832871	0.05338104	0.05141461	0.0430038	0.04081592	0.04017093	0.03593102	0.03198006	0.03142741	0.02970291	0.02892211	0.02403941	0.02286546	0.02139673	0.01750109	0	0	0	0	0	0	0	0	0	
0.09441178	0.09353258	0.09058315	0.09011674	0.08944617	0.08861145	0.08819295	0.08474085	0.0840527	0.08400125	0.08372434	0.08249345	0.08165312	0.08164676	0.08129415	0.08019127	0.08018275	0.07967688	0.07927921	0.07909727	0.05799576	0.05733187	0.05327302	0.05017793	0.04843694	0.0452236	0.04449425	0.04323375	0.04218877	0.04123732	0.02785684	0.02711299	0.02268665	0.02242365	0.02074131	0.02007176	0.01832284	0.01137761	0.009085747	0	0	0	0	0	0	0	
0.09441178	0.09353258	0.09058315	0.09011674	0.08944617	0.08861145	0.08819295	0.08474085	0.0840527	0.08400125	0.08372434	0.08249345	0.08165312	0.08164676	0.08129415	0.08019127	0.08018275	0.07967688	0.07927921	0.07909727	0.05272133	0.05193407	0.04750497	0.04714609	0.04245166	0.03589329	0.0304611	0.0274039	0.02728907	0.02513698	0.02481654	0.02363063	0.02043953	0.01798235	0.008171245	0.006391723	0	0	0	0	0	0	0	0	0	0	
0.09441178	0.09353258	0.09058315	0.09011674	0.08944617	0.08861145	0.08819295	0.08474085	0.0840527	0.08400125	0.08372434	0.08249345	0.08165312	0.08164676	0.08129415	0.08019127	0.08018275	0.07967688	0.07927921	0.07909727	0.07188585	0.06315336	0.04363109	0.04208897	0.03086084	0.02973779	0.02966555	0.02770732	0.02732124	0.02531309	0.02423106	0.02358108	0.02135129	0.02123025	0.02024586	0.01943247	0.01597067	0.008789409	0	0	0	0	0	0	0	0	
0.09441178	0.09353258	0.09058315	0.09011674	0.08944617	0.08861145	0.08819295	0.08474085	0.0840527	0.08400125	0.08372434	0.08249345	0.08165312	0.08164676	0.08129415	0.08019127	0.08018275	0.07967688	0.07927921	0.07909727	0.06301333	0.06087287	0.05846946	0.04727038	0.04023081	0.03803828	0.03408217	0.02753693	0.02513049	0.02320069	0.0219233	0.02066479	0.02016968	0.01908338	0	0	0	0	0	0	0	0	0	0	0	0	
0.09441178	0.09353258	0.09058315	0.09011674	0.08944617	0.08861145	0.08819295	0.08474085	0.0840527	0.08400125	0.08372434	0.08249345	0.08165312	0.08164676	0.08129415	0.08019127	0.08018275	0.07967688	0.07927921	0.07909727	0.07431755	0.05987233	0.05489957	0.05186084	0.04894197	0.03998006	0.03594925	0.03571737	0.03022541	0.02495018	0.02448787	0.02244527	0.01258547	0.008084001	0.006294399	0.003076678	0	0	0	0	0	0	0	0	0	0	
0.09441178	0.09353258	0.09058315	0.09011674	0.08944617	0.08861145	0.08819295	0.08474085	0.0840527	0.08400125	0.08372434	0.08249345	0.08165312	0.08164676	0.08129415	0.08019127	0.08018275	0.07967688	0.07927921	0.07909727	0.05400795	0.05196833	0.04603184	0.04461997	0.04408839	0.03794429	0.03664904	0.03610566	0.03532196	0.03179101	0.03137328	0.02682945	0.01924486	0.01149955	0	0	0	0	0	0	0	0	0	0	0	0	
0.09441178	0.09353258	0.09058315	0.09011674	0.08944617	0.08861145	0.08819295	0.08474085	0.0840527	0.08400125	0.08372434	0.08249345	0.08165312	0.08164676	0.08129415	0.08019127	0.08018275	0.07967688	0.07927921	0.07909727	0.06947737	0.06069715	0.05388548	0.05073076	0.0503116	0.04012945	0.03373515	0.03066376	0.02931429	0.02930901	0.02338356	0.02273811	0.02185463	0.0190447	0.01375631	0.01149118	0.003031712	0	0	0	0	0	0	0	0	0	
0.09831821	0.09441178	0.09353258	0.09058315	0.09011674	0.08944617	0.08861145	0.08819295	0.08474085	0.0840527	0.08400125	0.08372434	0.08249345	0.08165312	0.08164676	0.08129415	0.08019127	0.08018275	0.07967688	0.07927921	0.07909727	0.06014614	0.05150346	0.04920783	0.04445589	0.04331199	0.03504154	0.0242776	0.02385618	0.02351235	0.02104837	0.01718149	0.01445697	0	0	0	0	0	0	0	0	0	0	0	0	0	
0.09831821	0.09441178	0.09353258	0.09058315	0.09011674	0.08944617	0.08861145	0.08819295	0.08474085	0.0840527	0.08400125	0.08372434	0.08249345	0.08165312	0.08164676	0.08129415	0.08019127	0.08018275	0.07967688	0.07927921	0.0544785	0.05404716	0.04830346	0.04557318	0.04080075	0.03965392	0.03712111	0.02609403	0.02362593	0.02278321	0.02177198	0.01876266	0.01808164	0.01701225	0.008931992	0.006120657	0	0	0	0	0	0	0	0	0	0	
0.09831821	0.09441178	0.09353258	0.09058315	0.09011674	0.08944617	0.08861145	0.08819295	0.08474085	0.0840527	0.08400125	0.08372434	0.08249345	0.08165312	0.08164676	0.08129415	0.08019127	0.08018275	0.07967688	0.07927921	0.06714739	0.06629001	0.0654595	0.06330062	0.05873128	0.05630643	0.05206721	0.05079576	0.02866418	0.02380989	0.02339627	0.02223912	0.02062986	0.01831123	0.01752938	0.01707245	0.0100759	0	0	0	0	0	0	0	0	0	
0.09831821	0.09441178	0.09353258	0.09058315	0.09011674	0.08944617	0.08861145	0.08819295	0.08474085	0.0840527	0.08400125	0.08372434	0.08249345	0.08165312	0.08164676	0.08129415	0.08019127	0.08018275	0.07967688	0.07927921	0.05565309	0.0543203	0.05304809	0.04823098	0.04463275	0.03769065	0.03580191	0.03315092	0.03012011	0.02777649	0.02754722	0.02626798	0.02266839	0.02077335	0.01959974	0.01305264	0.01068494	0	0	0	0	0	0	0	0	0	
0.09831821	0.09441178	0.09353258	0.09165339	0.09058315	0.09011674	0.08944617	0.08861145	0.08819295	0.08474085	0.0840527	0.08400125	0.08372434	0.08249345	0.08165312	0.08164676	0.08129415	0.08019127	0.08018275	0.07967688	0.07927921	0.05050431	0.04303743	0.04260107	0.04211624	0.03182035	0.02992195	0.02980747	0.02835586	0.02815955	0.0272824	0.02643468	0.02385252	0.02099269	0.01807679	0.01737122	0.01663248	0.01643639	0.01452262	0.01402929	0	0	0	0	0	0	
0.09831821	0.09441178	0.09353258	0.09165339	0.09058315	0.09011674	0.08944617	0.08861145	0.08819295	0.08486828	0.08474085	0.0840527	0.08400125	0.08372434	0.08249345	0.08165312	0.08164676	0.08129415	0.08019127	0.08018275	0.07967688	0.05270662	0.04516242	0.04329257	0.03777673	0.03672551	0.02996921	0.02375332	0.02225746	0.02191955	0.02180022	0.01982285	0.0193697	0.01570099	0.01500995	0.01406074	0.01238748	0	0	0	0	0	0	0	0	0	
0.09831821	0.09441178	0.09353258	0.09165339	0.09058315	0.09011674	0.08944617	0.08861145	0.08819295	0.08486828	0.08474085	0.0840527	0.08400125	0.08372434	0.08249345	0.08165312	0.08164676	0.08129415	0.08019127	0.08018275	0.06061837	0.05323688	0.04991418	0.04838524	0.04445579	0.04094127	0.03714643	0.03673163	0.02986181	0.02881516	0.02785387	0.02727434	0.02611653	0.02345491	0.02016298	0.0175745	0.01343554	0.002910379	0	0	0	0	0	0	0	0	
0.09831821	0.09441178	0.09353258	0.09165339	0.09145785	0.09058315	0.09011674	0.08944617	0.08861145	0.08819295	0.08486828	0.08474085	0.0840527	0.08400125	0.08372434	0.08249345	0.08228508	0.08165312	0.08164676	0.08129415	0.08019127	0.08018275	0.06760886	0.05761097	0.05754085	0.05212409	0.04947355	0.04593486	0.0458745	0.04386681	0.04185004	0.04168587	0.03524541	0.0315162	0.03147679	0.02618022	0.02553623	0.02435052	0.02312404	0.02188028	0	0	0	0	0	0	
0.09831821	0.09441178	0.09353258	0.09165339	0.09145785	0.09058315	0.09011674	0.08944617	0.08861145	0.08819295	0.08486828	0.08474085	0.0840527	0.08400125	0.08372434	0.08249345	0.08228508	0.08165312	0.08164676	0.08129415	0.07368731	0.07073037	0.05435937	0.05013063	0.04375003	0.04044998	0.03760016	0.03518434	0.03501322	0.03488519	0.02986991	0.02838915	0.02385611	0.02250142	0.02195077	0.01995347	0.0169214	0.01161049	0	0	0	0	0	0	0	0	
0.09831821	0.09441178	0.09353258	0.09165339	0.09145785	0.09058315	0.09011674	0.08944617	0.08861145	0.08819295	0.08486828	0.08474085	0.0840527	0.08400125	0.08372434	0.08249345	0.08228508	0.08165312	0.08164676	0.08129415	0.06195272	0.05265134	0.04980019	0.04833115	0.04507546	0.04358866	0.04338248	0.04230418	0.03836704	0.03302165	0.03040074	0.02890991	0.02470377	0.02134163	0.01981787	0.01644254	0	0	0	0	0	0	0	0	0	0	
0.09831821	0.09441178	0.09353258	0.09165339	0.09145785	0.09058315	0.09011674	0.08990736	0.08944617	0.08861145	0.08819295	0.08486828	0.08474085	0.0840527	0.08400125	0.08372434	0.08249345	0.08228508	0.08165312	0.08164676	0.08129415	0.05261944	0.04234103	0.03620882	0.03457742	0.0313744	0.02900133	0.028295	0.02376085	0.02316139	0.02225891	0.01985807	0.01802706	0.01440141	0.007865852	0.007247097	0	0	0	0	0	0	0	0	0	0	
0.09831821	0.09441178	0.09353258	0.09165339	0.09145785	0.09058315	0.09011674	0.08990736	0.08944617	0.08861145	0.08819295	0.08486828	0.08474085	0.0840527	0.08400125	0.08372434	0.08249345	0.08228508	0.08165312	0.08164676	0.07085214	0.06904245	0.06352596	0.05270665	0.05256302	0.0485411	0.04389596	0.0387744	0.03581135	0.02338319	0.0223489	0.02050743	0.01158382	0.009405999	0	0	0	0	0	0	0	0	0	0	0	0	
0.09831821	0.09441178	0.09353258	0.09165339	0.09145785	0.09058315	0.09011674	0.08990736	0.08944617	0.08861145	0.08819295	0.08486828	0.08474085	0.0840527	0.08400125	0.08372434	0.08249345	0.08228508	0.08165312	0.08164676	0.07995121	0.07188209	0.06103495	0.05516804	0.05281528	0.04539463	0.0379893	0.03719418	0.0344704	0.03289231	0.02047625	0.02032187	0.01122533	0	0	0	0	0	0	0	0	0	0	0	0	0	
0.09831821	0.09441178	0.09353258	0.09165339	0.09145785	0.09058315	0.09011674	0.08990736	0.08944617	0.08861145	0.08819295	0.08486828	0.08474085	0.0840527	0.08400125	0.08372434	0.08249345	0.08228508	0.08165312	0.08164676	0.07071652	0.05863913	0.0468249	0.04320097	0.03969045	0.03686713	0.0339364	0.03113583	0.03036067	0.02643693	0.02605058	0.02549817	0.02150176	0.02138627	0.01987337	0.01819684	0.001745514	0	0	0	0	0	0	0	0	0	
0.09831821	0.09441178	0.09353258	0.09165339	0.09145785	0.09058315	0.09011674	0.08990736	0.08944617	0.08861145	0.08819295	0.08486828	0.08474085	0.0840527	0.08400125	0.08372434	0.08249345	0.08228508	0.08165312	0.08164676	0.06868447	0.06775758	0.0531474	0.04879565	0.04629361	0.04101662	0.0376651	0.03501309	0.03251305	0.02512068	0.02399586	0.02370536	0.02230493	0.02076385	0.01921805	0.01916692	0.01776316	0.01417333	0	0	0	0	0	0	0	0	
0.09831821	0.09441178	0.09353258	0.09165339	0.09145785	0.09058315	0.09011674	0.08990736	0.08944617	0.08861145	0.08819295	0.08486828	0.08474085	0.0840527	0.08400125	0.08372434	0.08249345	0.08228508	0.08165312	0.08164676	0.06863197	0.05793316	0.05366936	0.04917773	0.04438776	0.04299365	0.04126025	0.03529687	0.03464173	0.02737868	0.02612221	0.02579284	0.02566915	0.02520689	0.01937672	0.01570441	0.01023504	0	0	0	0	0	0	0	0	0	
0.09831821	0.09441178	0.09353258	0.09165339	0.09145785	0.09058315	0.09011674	0.08990736	0.08944617	0.08861145	0.08819295	0.08486828	0.08474085	0.0840527	0.08400125	0.08372434	0.08249345	0.08228508	0.08165312	0.08164676	0.07116658	0.05784215	0.05748865	0.05397315	0.04181597	0.02730167	0.02609345	0.02587276	0.02484592	0.02339784	0.02137968	0.0197634	0.01611781	0	0	0	0	0	0	0	0	0	0	0	0	0	
0.09831821	0.09441178	0.09353258	0.09165339	0.09145785	0.09058315	0.09011674	0.08990736	0.08944617	0.08861145	0.08819295	0.08486828	0.08474085	0.0840527	0.08400125	0.08372434	0.08249345	0.08228508	0.08165312	0.08164676	0.07563559	0.05540515	0.05358488	0.05154492	0.04322673	0.04317449	0.04297759	0.04131608	0.04085732	0.03957254	0.03286605	0.03169118	0.03122503	0.03008807	0.02979087	0.02492295	0.02423767	0.01841217	0.009409518	0	0	0	0	0	0	0	
0.09831821	0.09441178	0.09353258	0.09165339	0.09145785	0.09058315	0.09011674	0.08990736	0.08944617	0.08861145	0.08819295	0.08486828	0.08474085	0.0840527	0.08400125	0.08372434	0.08249345	0.08228508	0.08165312	0.08164676	0.06145309	0.05262003	0.05101839	0.04722089	0.04157514	0.03742106	0.03322452	0.02569384	0.0246271	0.02384972	0.02180575	0.015339	0.01224695	0	0	0	0	0	0	0	0	0	0	0	0	0	
0.09831821	0.09441178	0.09353258	0.09165339	0.09145785	0.09088012	0.09058315	0.09011674	0.08990736	0.08944617	0.08861145	0.08819295	0.08486828	0.08474085	0.0840527	0.08400125	0.08372434	0.08249345	0.08228508	0.08165312	0.08164676	0.0764247	0.0489873	0.04832463	0.04153604	0.04103762	0.04018321	0.03899178	0.03546061	0.02660077	0.02564247	0.02452961	0.02287534	0.01778494	0.01543869	0.0145796	0	0	0	0	0	0	0	0	0	0	
0.09831821	0.09441178	0.09353258	0.09268625	0.09165339	0.09145785	0.09088012	0.09058315	0.09011674	0.08990736	0.08944617	0.08861145	0.08819295	0.08486828	0.08474085	0.0840527	0.08400125	0.08372434	0.08249345	0.08228508	0.08165312	0.05076872	0.05011387	0.04891339	0.04698624	0.03980714	0.03800853	0.03728865	0.03529105	0.02600502	0.02371123	0.02258426	0.02170695	0.01576746	0.003208045	0	0	0	0	0	0	0	0	0	0	0	
0.09831821	0.09441178	0.09353258	0.09268625	0.09165339	0.09145785	0.09088012	0.09058315	0.09011674	0.08990736	0.08944617	0.08861145	0.08819295	0.08486828	0.08474085	0.0840527	0.08400125	0.08372434	0.08249345	0.08228508	0.04935376	0.04848925	0.0480745	0.04728733	0.04537617	0.04390074	0.04299467	0.03911056	0.03628492	0.03511577	0.03341659	0.03309408	0.03122979	0.02909487	0.02359947	0.02136123	0.02043938	0.018129	0.0003998077	0	0	0	0	0	0	0	
0.09831821	0.09441178	0.09353258	0.09268625	0.09165339	0.09145785	0.09088012	0.09058315	0.09011674	0.08990736	0.08944617	0.08861145	0.08819295	0.08486828	0.08474085	0.0840527	0.08400125	0.08372434	0.08249345	0.08228508	0.07102642	0.05262728	0.04745527	0.04649855	0.04472173	0.04118274	0.03707621	0.034109	0.03386083	0.03306682	0.02402917	0.02352654	0.02231695	0.02024112	0.01635837	0	0	0	0	0	0	0	0	0	0	NaN	
0.09831821	0.09441178	0.09353258	0.09268625	0.09165339	0.09145785	0.09088012	0.09058315	0.09011674	0.08990736	0.08944617	0.08861145	0.08819295	0.08486828	0.08474085	0.0840527	0.08400125	0.08372434	0.08249345	0.08228508	0.07850311	0.06626372	0.06610617	0.0632249	0.05042927	0.04880812	0.04676552	0.04656133	0.03929052	0.03056801	0.03050959	0.02739836	0.02342976	0.02272454	0.0226912	0.02182949	0.01219089	0	0	0	0	0	0	0	0	0	
0.09831821	0.09441178	0.09353258	0.09268625	0.09165339	0.09145785	0.09088012	0.09058315	0.09011674	0.08990736	0.08944617	0.08861145	0.08819295	0.08486828	0.08474085	0.0840527	0.08400125	0.08372434	0.08249345	0.08228508	0.06347965	0.0622852	0.05286079	0.05039989	0.05018637	0.04693876	0.04651839	0.04281903	0.03950414	0.03064805	0.02863556	0.02703241	0.02439352	0.0223737	0.01876516	0.01847055	0.01840997	0	0	0	0	0	0	0	0	0	
0.09831821	0.09441178	0.09353258	0.09268625	0.09165339	0.09145785	0.09088012	0.09058315	0.09011674	0.08990736	0.08944617	0.08864906	0.08861145	0.08819295	0.08486828	0.08474085	0.0840527	0.08400125	0.08372434	0.08249345	0.08228508	0.07077523	0.0679344	0.06575737	0.05119051	0.05000247	0.04954811	0.04540157	0.03659601	0.03537145	0.02706756	0.02590066	0.02546221	0.02505326	0.0145672	0	0	0	0	0	0	0	0	0	0	0	
0.09831821	0.09441178	0.09353258	0.09268625	0.09165339	0.09145785	0.09088012	0.09058315	0.09011674	0.08990736	0.08944617	0.08864906	0.08861145	0.08819295	0.08486828	0.08474085	0.0840527	0.08400125	0.08372434	0.08249345	0.07042824	0.06734887	0.06072286	0.06071456	0.05903399	0.04716866	0.0385225	0.03334557	0.03037296	0.03031571	0.02950863	0.0278322	0.02511566	0.02497914	0.02496953	0.02454935	0.02368673	0.02279915	0.01096322	0.01001069	0	0	0	0	0	0	
0.09831821	0.09441178	0.09353258	0.09268625	0.09165339	0.09145785	0.09088012	0.09058315	0.09011674	0.08990736	0.08944617	0.08864906	0.08861145	0.08819295	0.08486828	0.08474085	0.0840527	0.08400125	0.08372434	0.08249345	0.07833053	0.05801781	0.04697037	0.03900235	0.03846416	0.03306152	0.02901096	0.02635341	0.0259011	0.02452591	0.0217878	0.0210236	0.02095747	0.02051107	0.0173722	0.01342554	0	0	0	0	0	0	0	0	0	0	
0.09831821	0.09441178	0.09353258	0.09268625	0.09165339	0.09145785	0.09088012	0.09058315	0.09011674	0.08990736	0.08944617	0.08864906	0.08861145	0.08819295	0.08530422	0.08486828	0.08474085	0.0840527	0.08400125	0.08372434	0.08249345	0.07035931	0.06299152	0.05659953	0.0542862	0.04665885	0.0453985	0.04478973	0.04392753	0.04379587	0.04313722	0.03668576	0.03637715	0.03161068	0.02926914	0.0145778	0	0	0	0	0	0	0	0	0	0	
0.09831821	0.09441178	0.09353258	0.09268625	0.09165339	0.09145785	0.09088012	0.09058315	0.09011674	0.08990736	0.08944617	0.08864906	0.08861145	0.08819295	0.08530422	0.08486828	0.08474085	0.0840527	0.08400125	0.08372434	0.06191695	0.06054121	0.05864673	0.05518174	0.04695221	0.04453218	0.04363245	0.04265625	0.03819165	0.03575287	0.03562547	0.03195224	0.02902055	0.02410085	0.02271543	0.02258351	0.02031068	0.01819524	0.01573569	0.01211557	0	0	0	0	0	0	
0.09831821	0.09441178	0.09353258	0.09268625	0.09165339	0.09145785	0.09088012	0.09058315	0.09011674	0.08990736	0.08944617	0.08864906	0.08861145	0.08819295	0.0861417	0.08530422	0.08486828	0.08474085	0.0840527	0.08400125	0.08372434	0.05614444	0.05159071	0.04786986	0.04723506	0.03928921	0.03919282	0.03772618	0.03769761	0.03044258	0.02962376	0.02938008	0.018634	0.01711158	0.01594103	0.01445531	0	0	0	0	0	0	0	0	0	0	
0.09831821	0.09441178	0.09353258	0.09268625	0.09165339	0.09145785	0.09088012	0.09058315	0.09011674	0.08990736	0.08944617	0.08864906	0.08861145	0.08819295	0.0861417	0.08530422	0.08486828	0.08474085	0.0840527	0.08400125	0.06199952	0.06014109	0.05088767	0.04869672	0.04861161	0.04814273	0.04659241	0.0438732	0.04241614	0.04170022	0.02913346	0.02884107	0.02720986	0.02352888	0.02171822	0.01880417	0.0176145	0.01665816	0.009266052	0.001878034	0	0	0	0	0	0	
0.09831821	0.09441178	0.09353258	0.09268625	0.09165339	0.09145785	0.09088012	0.09058315	0.09011674	0.08990736	0.08944617	0.08864906	0.08861145	0.08819295	0.0861417	0.08530422	0.08486828	0.08474085	0.0840527	0.08400125	0.08125284	0.07220904	0.06164068	0.05342556	0.0357145	0.035339	0.02735359	0.02655254	0.02437085	0.02415291	0.02279537	0.02091889	0.02035983	0.01368632	0.01245569	0.01158458	0.0106609	0	0	0	0	0	0	0	0	0	
0.09831821	0.09441178	0.09353258	0.09268625	0.09165339	0.09145785	0.09088012	0.09058315	0.09011674	0.08990736	0.08944617	0.08864906	0.08861145	0.08819295	0.0861417	0.08530422	0.08486828	0.08474085	0.0840527	0.08400125	0.05930575	0.05875659	0.05493763	0.05367544	0.04934234	0.0492903	0.04379748	0.03737635	0.03434033	0.03243092	0.03130672	0.03048851	0.02665034	0.02144399	0.02086372	0.01904372	0.018531	0.01310477	0.01160819	0	0	0	0	0	0	0	
0.09831821	0.09441178	0.09353258	0.09268625	0.09165339	0.09145785	0.09088012	0.09058315	0.09011674	0.08990736	0.08944617	0.08864906	0.08861145	0.08819295	0.0861417	0.08530422	0.08486828	0.08474085	0.0840527	0.08400125	0.06556218	0.06345768	0.05620971	0.05229521	0.04322377	0.04087555	0.03861642	0.03584361	0.02719751	0.02436326	0.02388655	0.02178866	0.02166663	0.02074065	0.0201542	0.01809802	0.009470665	0	0	0	0	0	0	0	0	0	
0.09831821	0.09441178	0.09353258	0.09268625	0.09165339	0.09145785	0.09088012	0.09058315	0.09011674	0.08990736	0.08944617	0.08864906	0.08861145	0.08819295	0.0861417	0.08530422	0.08486828	0.08474085	0.0840527	0.08400125	0.05909205	0.04433995	0.04076224	0.04022809	0.04001246	0.03987603	0.03730598	0.03707253	0.03404603	0.03098946	0.0289142	0.02583419	0.02483841	0.02241284	0.02220311	0.02034999	0.01795777	0.01239852	0	0	0	0	0	0	0	0	
0.09831821	0.09441178	0.09353258	0.09268625	0.09165339	0.09145785	0.09088012	0.09058315	0.09011674	0.08990736	0.08944617	0.08864906	0.08861145	0.08819295	0.0861417	0.08530422	0.08486828	0.08474085	0.0840527	0.08400125	0.06431843	0.05864848	0.04158114	0.04047855	0.04034997	0.03551511	0.02864342	0.02687259	0.02032758	0.01991661	0.01964839	0.01837131	0.01722215	0.01530284	0	0	0	0	0	0	0	0	0	0	0	0	
0.09831821	0.09441178	0.09353258	0.09268625	0.09165339	0.09145785	0.09088012	0.09058315	0.09011674	0.08990736	0.08944617	0.08864906	0.08861145	0.08819295	0.0861417	0.08530422	0.08486828	0.08474085	0.0840527	0.08400125	0.07306451	0.0654984	0.05714075	0.03350033	0.03234696	0.03193503	0.02994817	0.02530222	0.02486715	0.02401393	0.02117233	0	0	0	0	0	0	0	0	0	0	0	0	0	0	0	
0.09831821	0.09441178	0.09353258	0.09268625	0.09165339	0.09145785	0.09088012	0.09058315	0.09011674	0.08990736	0.08944617	0.08864906	0.08861145	0.08819295	0.0861417	0.08530422	0.08486828	0.08474085	0.0840527	0.08400125	0.05674068	0.05587821	0.04733298	0.04418156	0.03655572	0.03127268	0.02953796	0.02752454	0.02670029	0.02474434	0.02124677	0.020153	0	0	0	0	0	0	0	0	0	0	0	0	0	0	
