
2.100074	2.062098	1.485784	1.47498	1.284336	1.042087	0.9558275	0.926108	0.850499	0.7832121	0.5415897	0.5088986	0.5009588	0.4684779	0.2983222	0.2572415	0.234189	0.2247351	0.2019141	0.1776074	0.1091824	0.1014014	0.07789764	0.0676529	0.05653674	0.03928611	0.03150434	0.02736369	0.0238438	0.01662985	0.008863567	0	0	0	0	0	0	0	0	0	0	0	0	0	0	0	0	0	0	0	0	0	0	0	0	0	0	0	0	0	
3.281173	2.100074	2.062098	1.485784	1.47498	1.404921	1.402271	1.284336	1.042087	0.9558275	0.926108	0.850499	0.7832121	0.5415897	0.5088986	0.5009588	0.4684779	0.4116287	0.4083996	0.3720603	0.3665843	0.3165763	0.2983222	0.2572415	0.234189	0.2247351	0.2160335	0.2092294	0.2019141	0.1776074	0.1621936	0.1410153	0.08165982	0.07667147	0.06077949	0.03597874	0.03447335	0.007920457	0	0	0	0	0	0	0	0	0	0	0	0	0	0	0	0	0	0	0	0	0	0	
3.281173	2.443519	2.32986	2.273199	2.100074	2.062098	1.798918	1.569411	1.485784	1.47498	1.458647	1.404921	1.402271	1.284336	1.260737	1.042087	0.9558275	0.926108	0.9048701	0.850499	0.8270261	0.7832121	0.5415897	0.5088986	0.5009588	0.4684779	0.4116287	0.4083996	0.3720603	0.2482362	0.1776074	0.1056425	0.0614513	0.05212863	0.04886154	0.01007779	0.0001974137	0	0	0	0	0	0	0	0	0	0	0	0	0	0	0	0	0	0	0	0	0	0	0	
3.281173	2.443519	2.32986	2.273199	2.202385	2.100074	2.090451	2.062098	1.812138	1.798918	1.569411	1.485784	1.47498	1.458647	1.404921	1.402271	1.284336	1.261253	1.260737	1.042087	0.9558275	0.926108	0.9048701	0.8923063	0.850499	0.8067946	0.7774615	0.7000598	0.5801265	0.5700597	0.5432374	0.4974053	0.4946405	0.398157	0.3963581	0.3762835	0.2297005	0.1119428	0.0614513	0.036774	0.01703018	7.216703E-06	0	0	0	0	0	0	0	0	0	0	0	0	0	0	0	0	0	0	
3.529366	3.281173	2.443519	2.32986	2.315115	2.273199	2.202385	2.100074	2.090451	2.062098	2.061919	1.812138	1.809676	1.798918	1.569411	1.485784	1.47498	1.458647	1.404921	1.402271	1.284336	1.261253	1.260737	1.21045	1.042087	0.4455096	0.2200642	0.1961397	0.09735034	0.06039725	0	0	0	0	0	0	0	0	0	0	0	0	0	0	0	0	0	0	0	0	0	0	0	0	0	0	0	0	0	0	
3.529366	3.281173	2.862278	2.443519	2.32986	2.315115	2.302014	2.273199	2.202385	2.100074	2.090451	2.062098	2.061919	1.812138	1.810343	1.809676	1.798918	1.569411	1.485784	1.47498	1.459667	1.458647	1.404921	1.402271	1.004164	0.9447215	0.8646482	0.8297353	0.6702081	0.6040094	0.5981175	0.5570108	0.4783654	0.4187429	0.3651824	0.2190622	0.1463535	0	0	0	0	0	0	0	0	0	0	0	0	0	0	0	0	0	0	0	0	0	0	0	
3.529366	3.281173	3.108237	2.952963	2.862278	2.645774	2.498813	2.443519	2.32986	2.315115	2.302014	2.273199	2.202385	2.100074	2.099975	2.090451	2.062098	2.061919	1.976417	1.812138	1.810343	1.809676	1.799231	1.798918	1.569411	1.485784	1.47498	1.35866	1.183886	0.9566965	0.9260412	0.8107108	0.7249398	0.5778176	0.4164959	0.3474876	0.1215447	0.1187029	0.09039194	0.06817017	0.05653219	0	0	0	0	0	0	0	0	0	0	0	0	0	0	0	0	0	0	0	
4.116348	4.028686	3.529366	3.281173	3.108237	2.952963	2.862278	2.744101	2.645774	2.594261	2.498813	2.443519	2.32986	2.315115	2.302014	2.273199	2.202385	2.100074	2.099975	2.090451	2.062098	2.061919	1.976417	1.812138	1.674963	1.377051	1.364718	1.298033	1.272673	0.8152438	0.6392129	0.5665461	0.4459838	0.364733	0.3601089	0.3253352	0.3133275	0.1410082	0.04110178	0.03992281	0.02869525	0.002317812	0	0	0	0	0	0	0	0	0	0	0	0	0	0	0	0	0	0	
4.129848	4.116348	4.028686	3.977299	3.625664	3.529366	3.281173	3.108237	2.952963	2.862278	2.744101	2.645774	2.594261	2.498813	2.443519	2.32986	2.315115	2.302014	2.273199	2.202385	2.107992	2.100074	2.099975	2.090451	1.655421	1.332666	1.159988	1.157586	0.8327163	0.8260483	0.6955988	0.6841525	0.5860627	0.5162364	0.4382946	0.2408934	0.128527	0.125657	0.02518404	0	0	0	0	0	0	0	0	0	0	0	0	0	0	0	0	0	0	0	0	0	
4.129848	4.116348	4.028686	3.977299	3.698818	3.625664	3.529366	3.281173	3.108237	2.952963	2.865072	2.862278	2.744101	2.705487	2.645774	2.594261	2.498813	2.443519	2.408648	2.32986	2.315115	2.302014	2.294245	2.273199	2.202385	1.706995	1.073241	0.7889113	0.7454931	0.7029606	0.6934537	0.5236553	0.3609015	0.3491925	0.3456004	0.2771427	0.2356729	0.1954348	0.1908269	0.1796943	0.1158782	0.1114441	0.07945409	0.04918288	0.04869476	0	0	0	0	0	0	0	0	0	0	0	0	0	0	0	
4.129848	4.129647	4.116348	4.028686	3.977299	3.698818	3.625664	3.529366	3.281173	3.108237	2.952963	2.865072	2.862278	2.744101	2.705487	2.645774	2.594261	2.498813	2.447257	2.443519	2.408648	2.32986	2.018605	1.196362	1.063758	1.04666	1.009841	1.006825	0.7673209	0.7149675	0.5198382	0.474097	0.3932428	0.3871441	0.3255343	0.3085131	0.2957201	0.1798515	0.08379357	0	0	0	0	0	0	0	0	0	0	0	0	0	0	0	0	0	0	0	0	0	
4.857566	4.129848	4.129647	4.116348	4.028686	3.977299	3.698818	3.625664	3.529366	3.281173	3.108237	2.952963	2.898416	2.865072	2.862278	2.744101	2.705487	2.687691	2.645774	2.612471	2.594261	2.579969	2.498813	2.447257	2.443519	2.361762	2.050751	1.827847	1.687982	1.257796	1.199919	1.112737	0.838574	0.8350213	0.8117982	0.8011109	0.6501267	0.6438971	0.6192302	0.3000742	0.09019557	0.01567656	0.01275161	0	0	0	0	0	0	0	0	0	0	0	0	0	0	0	0	0	
5.903215	4.945177	4.857566	4.129848	4.129647	4.116348	4.108918	4.028686	3.977299	3.698818	3.625664	3.556998	3.529366	3.281173	3.229052	3.108237	2.952963	2.898416	2.892814	2.865072	2.862278	2.744101	2.705487	2.687691	2.658515	2.645774	2.612471	2.607365	1.746712	1.51606	1.333511	1.286714	1.176026	1.005819	1.002449	0.7065813	0.7062129	0.6762502	0.5610766	0.2941104	0.2205576	0.2136367	0.1093782	0.05561645	0.02189774	0	0	0	0	0	0	0	0	0	0	0	0	0	0	0	
6.00053	5.903215	4.945177	4.857566	4.840488	4.23926	4.129848	4.129647	4.116348	4.108918	4.028686	3.977299	3.698818	3.625664	3.556998	3.529366	3.281173	3.229052	3.108237	2.952963	2.898416	2.892814	2.865072	2.482024	2.293102	2.218443	2.002875	1.68016	1.468259	1.329028	1.167274	1.157544	1.088882	1.003485	0.9953219	0.7667629	0.7644095	0.648719	0.5312241	0.1782479	0.1215376	0.07132276	0.04764903	0	0	0	0	0	0	0	0	0	0	0	0	0	0	0	0	0	
6.00053	5.903215	4.945177	4.857566	4.840488	4.23926	4.129848	4.129647	4.116348	4.108918	4.028686	3.977299	3.698818	3.625664	3.556998	3.529366	3.281173	3.229052	3.108237	2.952963	2.777549	2.678231	2.367595	1.774782	1.529344	1.472925	1.243721	1.221604	1.136335	1.082312	0.8761957	0.6419638	0.5732519	0.4841636	0.2555509	0.2510947	0.2432356	0.2082498	0.1893714	0.1874384	0.1578857	0.1031801	0.06299759	0.01663003	0.003175385	0	0	0	0	0	0	0	0	0	0	0	0	0	0	0	
6.00053	5.903215	4.945177	4.857566	4.840488	4.23926	4.129848	4.129647	4.116348	4.108918	4.028686	3.977299	3.698818	3.625664	3.556998	3.529366	3.281173	3.229052	3.133198	3.108237	3.003654	2.952963	2.360627	2.130095	1.349279	1.320275	1.119828	1.107234	1.068179	1.005645	0.9619161	0.7933602	0.5384781	0.3723642	0.3572304	0.2590529	0.215703	0.1912325	0.1205607	0	0	0	0	0	0	0	0	0	0	0	0	0	0	0	0	0	0	0	0	0	
6.152819	6.00053	5.903215	5.427669	4.945177	4.857566	4.840488	4.661978	4.23926	4.129848	4.129647	4.116348	4.108918	4.028686	3.977299	3.698818	3.625664	3.556998	3.529366	3.281173	3.229052	3.133198	3.108237	2.959141	2.954465	2.94755	2.388593	2.360627	2.091077	1.670066	1.486521	0.8585142	0.6705372	0.5050576	0.5034479	0.4827764	0.4675031	0.3197444	0.1735466	0.1283346	0.1053274	0.05848233	0.009789817	0.0004822839	0	0	0	0	0	0	0	0	0	0	0	0	0	0	0	0	
7.847074	6.826303	6.152819	6.00053	5.903215	5.427669	5.226777	4.945177	4.85822	4.857566	4.840488	4.661978	4.23926	4.181959	4.129848	4.129647	4.116348	4.108918	4.028686	3.977299	3.900509	3.807252	3.698818	3.625664	3.556998	3.529366	3.319117	3.281173	3.078494	2.977196	2.831231	1.961707	1.776016	1.616711	1.606117	1.588266	1.563393	0.8737068	0.8585142	0.7835186	0.6752327	0.6515743	0.6396499	0.605852	0.5532799	0.3708144	0.1365028	0.121614	0.1205037	0.08987524	0.06028593	0	0	0	0	0	0	0	0	0	
7.847074	6.826303	6.152819	6.00053	5.903215	5.427669	5.401406	5.226777	4.945177	4.85822	4.857566	4.840488	4.8112	4.809817	4.661978	4.23926	4.181959	4.129848	4.129647	4.116348	4.108918	4.028686	3.977299	3.463749	2.726199	2.598304	2.577641	2.520427	2.430309	1.951312	1.650722	1.426143	1.39784	1.172756	1.147827	1.124082	1.105226	0.9034966	0.8782825	0.8444842	0.6068913	0.605852	0.5721921	0.5655379	0.3424198	0.3194744	0.2757282	0.2356399	0.2204601	0.1208801	0.1205037	0.08613237	0.03407259	0	0	0	0	0	0	0	
8.664844	7.847074	6.826303	6.152819	6.00053	5.903215	5.427669	5.401406	5.226777	4.945177	4.85822	4.857566	4.842526	4.840488	4.8112	4.809817	4.661978	4.23926	4.205462	4.181959	4.129848	4.129647	4.116348	3.788136	3.181776	3.069194	2.462702	2.156267	1.900956	1.895306	1.677104	1.571786	1.489223	0.9797748	0.9592722	0.8719721	0.7454228	0.1258499	0.06570966	0.04216155	0	0	0	0	0	0	0	0	0	0	0	0	0	0	0	0	0	0	0	0	
8.664844	7.847074	7.421479	7.135711	6.826303	6.152819	6.00053	5.903215	5.678828	5.665992	5.464779	5.427669	5.401406	5.387975	5.226777	4.945177	4.937713	4.85822	4.857566	4.842526	4.840488	4.8112	4.809817	4.748484	4.661978	4.23926	4.205462	4.181959	3.966449	3.931899	3.336545	3.130301	2.461036	2.236317	2.227124	1.891897	1.783334	1.285117	0.8824667	0.5984181	0.5349813	0.473705	0.3349271	0	0	0	0	0	0	0	0	0	0	0	0	0	0	0	0	0	
8.9901	8.664844	8.604192	7.847074	7.421479	7.135711	6.826303	6.168674	6.152819	6.00053	5.903215	5.678828	5.665992	5.464779	5.427669	5.401406	5.387975	5.244977	5.226777	5.100768	4.947896	4.945177	4.937713	4.85822	4.857566	4.842526	3.852931	3.668048	3.164197	2.772716	2.318135	2.258369	1.712615	1.690299	1.629814	1.608208	1.565514	1.543293	1.080101	1.017928	0.920693	0.5041437	0.3349205	0.3346984	0.08182741	0.03996338	0	0	0	0	0	0	0	0	0	0	0	0	0	0	
10.62816	8.9901	8.664844	8.604192	7.847074	7.421479	7.135711	6.826303	6.28643	6.168674	6.159879	6.152819	6.00053	5.903215	5.810855	5.678828	5.665992	5.464779	5.451877	5.427669	5.401406	5.387975	5.244977	5.226777	5.100768	4.602014	4.40556	3.810618	3.549636	3.387257	3.281601	3.219668	2.840524	2.622957	2.352926	1.955064	1.91633	1.880352	1.860187	1.685916	1.462942	1.153873	1.01986	0.9805678	0.7454016	0.6831479	0.5538549	0.5355949	0.277274	0.1648337	0	0	0	0	0	0	0	0	0	0	
10.62816	8.9901	8.664844	8.604192	7.847074	7.667562	7.527388	7.421479	7.135711	6.826303	6.28643	6.168674	6.159879	6.152819	6.022807	6.00053	5.903215	5.810855	5.678828	5.665992	5.464779	5.451877	5.427669	5.256363	4.428001	4.25488	4.173652	3.387257	3.336161	3.092999	2.805069	2.624637	2.527048	2.234403	2.120445	1.968493	1.947115	1.820707	1.714459	1.299196	1.227259	1.064082	0.9624799	0.9213903	0.856837	0.8184676	0.7824731	0.29472	0.2705121	0.1110858	0.05814306	0	0	0	0	0	0	0	0	0	
12.88837	10.62816	9.289711	8.9901	8.911911	8.664844	8.604192	8.290525	8.106075	7.883803	7.847074	7.768466	7.667562	7.527388	7.421479	7.179409	7.135711	6.915863	6.826303	6.28643	6.168674	6.159879	6.152819	6.022807	6.00053	5.903215	5.810855	5.719175	5.678828	5.665992	5.161022	5.004048	4.728975	3.698064	3.667426	3.18655	3.138559	2.924815	2.428862	2.354552	2.318136	1.941125	1.925784	1.893443	1.775477	1.362391	1.354393	1.19443	0.6968496	0.5127324	0.04065066	0.0042489	0	0	0	0	0	0	0	0	
12.88837	10.62816	9.289711	8.9901	8.911911	8.664844	8.604192	8.295188	8.290525	8.106075	7.883803	7.847074	7.809653	7.768466	7.667562	7.530572	7.527388	7.421479	7.357963	7.179409	7.135711	6.915863	6.832922	6.826303	6.504607	6.28643	5.078791	4.850289	4.820779	4.816321	4.087846	3.85911	3.590218	3.132838	2.947581	2.889803	2.479678	2.343539	2.033743	1.671426	1.664667	1.426553	1.274096	0.7912752	0.7912678	0.6267312	0.5782775	0.3127083	0.2872592	0	0	0	0	0	0	0	0	0	0	0	
12.88837	10.62816	10.56558	9.474018	9.289711	8.9901	8.911911	8.664844	8.604192	8.295188	8.290525	8.252829	8.106075	8.077566	7.883803	7.847074	7.809653	7.769452	7.768466	7.667562	7.530572	7.527388	7.503157	7.421479	7.357963	7.179409	6.667519	6.392852	6.130771	5.844514	5.767954	5.600879	5.563474	5.233161	5.130998	4.906508	4.850289	4.830918	4.622365	4.053212	3.780861	3.770508	3.721538	3.499271	3.357163	3.270869	3.205594	1.679124	1.380327	1.210084	0.7493312	0.7167602	0.2986405	0.002617349	0	0	0	0	0	0	
12.88837	10.88487	10.62816	10.56558	9.474018	9.289711	8.9901	8.911911	8.664844	8.604192	8.443028	8.295188	8.290525	8.252829	8.106075	8.077566	7.883803	7.847074	7.809653	7.769452	7.768466	7.667562	7.424944	6.83005	6.415225	6.379154	5.901009	5.713185	5.489236	5.470604	5.354768	5.315014	5.276181	5.219367	4.290857	3.826555	3.783594	3.64694	3.620346	3.613979	3.440898	3.324535	2.808723	2.461345	2.26588	1.823681	1.770385	1.657366	0.747096	0.4595094	0.1936582	0.1606139	0	0	0	0	0	0	0	0	
12.88837	10.88487	10.62816	10.56558	10.07694	10.02726	10.01555	9.474018	9.289711	8.9901	8.911911	8.674981	8.664844	8.660316	8.604192	8.443028	8.295188	8.290525	8.252829	8.113278	8.106075	8.077566	7.883803	7.847074	7.809653	7.769452	7.446248	7.398943	7.220303	7.033649	6.983859	6.863523	6.234912	6.147535	6.034813	5.921669	5.702325	5.664759	5.136414	4.930644	4.795817	4.542264	3.58367	3.56138	3.292392	2.075925	1.949296	1.936225	1.640009	1.415773	1.153193	1.037413	0.6258163	0.6229308	0.4544965	0.2898667	0	0	0	0	
12.88837	10.88487	10.81051	10.7998	10.62816	10.56558	10.07694	10.02726	10.01555	9.7658	9.474018	9.419204	9.332683	9.289711	9.24114	9.05409	8.9901	8.911911	8.674981	8.664844	8.660316	8.654696	8.604192	8.472405	8.443028	8.295188	8.290525	8.252829	8.113278	7.39221	7.149382	6.867634	6.770813	6.651091	6.438222	6.310071	6.196487	5.826828	5.167039	5.137506	4.991298	4.836247	4.570041	4.210593	4.073401	3.531358	3.482688	2.695666	2.520244	2.452909	2.181485	2.167755	1.345377	1.294581	0.3636316	0.05207346	0.05183778	0	0	0	
12.88837	12.19777	10.88487	10.81051	10.7998	10.63466	10.62816	10.56558	10.27357	10.07694	10.02726	10.01555	9.7658	9.586282	9.583456	9.474018	9.445069	9.419204	9.332683	9.289711	9.24114	9.132606	9.073188	9.05409	9.036377	8.9901	8.911911	8.803274	8.674981	8.664844	8.545398	7.856631	7.782383	7.628479	7.574474	7.117395	6.927131	6.909237	6.712584	6.612042	6.050683	6.035431	5.028221	5.023789	4.714722	4.656787	4.448743	4.283021	4.237631	4.194276	3.871395	3.827295	3.659935	3.069329	3.030039	2.218813	0.8147528	0	0	0	
12.88837	12.19777	11.24439	10.88487	10.81051	10.7998	10.71893	10.63466	10.62816	10.56558	10.54168	10.27357	10.07694	10.02726	10.01555	9.7658	9.586282	9.583456	9.474018	9.445069	9.419204	9.332683	9.289711	9.036377	9.00417	8.982545	8.827055	8.02661	7.550596	7.52954	7.412803	6.456634	6.254685	6.210543	5.857526	5.477121	5.393214	5.120419	5.07213	4.921708	4.446904	4.430551	4.31322	3.479423	2.959655	2.868057	1.297468	0.7046912	0.6458378	0.5505643	0.09852558	0.08841207	0.0687725	0.006360601	0	0	0	0	0	0	
13.50978	12.88837	12.256	12.19777	12.12648	11.24439	10.88487	10.81051	10.7998	10.71893	10.63466	10.62816	10.56558	10.54168	10.27357	10.07694	10.03532	10.02726	10.01555	9.7658	9.586282	9.583456	9.474018	9.445069	8.997396	8.938934	8.723289	8.545124	8.455387	8.220651	7.550596	7.39928	6.508664	6.443793	6.401541	5.892237	5.847132	5.84628	5.804395	5.78696	5.553889	5.505546	4.624795	4.049469	3.756686	3.358809	3.282205	2.964727	2.869205	2.715867	2.468863	2.176619	2.113135	1.979311	1.862185	1.751736	1.021047	0.01773624	0	0	
13.50978	12.88837	12.256	12.19777	12.12648	11.24439	10.88487	10.81051	10.7998	10.71893	10.63466	10.62816	10.56558	10.54168	10.45297	10.37123	10.27357	10.07694	10.03836	10.03532	10.02726	10.01555	9.7658	9.396387	8.945386	8.728835	8.605366	8.244184	8.022419	7.975406	7.956713	7.891682	7.422686	6.804141	6.635937	6.408965	5.915077	5.753662	5.471198	5.140543	4.978424	4.959336	4.95319	4.696758	4.67458	4.595381	4.426538	4.1825	3.756794	2.922538	2.85474	2.776209	2.545692	2.496491	2.400748	2.242917	1.997773	1.196096	0.6562486	0	
13.50978	12.88837	12.66268	12.256	12.19777	12.1851	12.1726	12.12648	11.24439	10.88487	10.87368	10.81051	10.7998	10.71893	10.63466	10.62816	10.56558	10.54168	10.45297	10.4253	10.37123	10.27357	10.07694	10.03836	10.03532	9.893052	9.690053	9.41434	9.054188	9.002581	8.782668	8.68144	8.645575	8.333838	7.831401	7.213499	7.164544	6.375707	5.882116	5.016057	4.454185	4.265404	4.118434	4.078714	3.0453	2.906296	2.860271	2.820279	2.785249	2.628565	2.536092	2.513728	2.438559	0.9515225	0.9236848	0.5064115	0.3119026	0.2234166	0	0	
13.50978	12.88837	12.66268	12.256	12.19777	12.1851	12.1726	12.12648	11.49064	11.24439	11.24314	10.88487	10.87368	10.81051	10.7998	10.71893	10.63466	10.62816	10.56558	10.54168	10.45297	10.4253	9.779627	8.778872	8.76816	8.660634	8.579536	8.34413	8.166067	8.143204	7.981273	7.565714	7.339658	7.313921	7.040668	6.716677	6.585713	6.337099	5.854417	5.064129	4.716952	4.637101	3.839017	3.146094	2.848289	2.651078	2.391448	2.246345	2.070735	1.864153	1.560351	1.411394	1.196123	0.9380904	0.9128692	0.08418597	0	0	0	0	
14.00121	13.50978	12.88837	12.66268	12.256	12.19777	12.1851	12.1726	12.12648	11.76745	11.49064	11.3875	11.24439	11.24314	10.88487	10.87368	10.81051	10.7998	10.71893	10.63466	10.62816	10.56558	10.54168	10.53215	9.738547	9.450688	9.25632	9.213165	8.745883	8.419922	7.984948	7.663644	7.547122	7.236	7.168701	6.986579	6.708159	6.667665	5.332503	4.817537	4.282359	4.270869	3.875411	3.852633	3.41057	2.874251	2.798928	2.534604	2.440286	2.089222	1.998928	1.828464	1.781477	1.140468	1.000234	0.6626177	0.06907631	0.0626039	0	0	
14.00121	13.50978	12.88837	12.66268	12.39664	12.34307	12.256	12.19777	12.1851	12.1726	12.12648	11.76745	11.57432	11.49064	11.3875	11.24439	11.24314	10.94289	10.88487	10.87368	10.81051	10.7998	10.71893	10.63466	10.23271	9.989981	9.772743	9.716709	9.577035	9.266024	8.905742	8.509067	7.90344	7.519005	7.325483	7.293874	7.242922	7.201789	7.191009	6.958684	5.459721	4.571373	4.248132	4.21807	4.20762	4.12208	4.042085	3.71032	3.466828	3.422625	1.812009	1.657653	1.64552	1.401005	0.296568	0	0	0	0	0	
14.00121	13.50978	12.88837	12.66268	12.56293	12.39664	12.34307	12.256	12.19777	12.1851	12.1726	12.12648	11.76745	11.57432	11.49064	11.3875	11.24439	11.24314	10.94289	10.88487	10.87368	10.27497	9.663034	9.660289	9.20339	8.97519	8.757338	8.586725	8.473365	8.4333	8.295161	8.225318	8.126155	8.036332	7.95424	7.855419	7.724133	7.621691	7.021788	7.018171	6.978976	6.919839	5.768825	5.402033	4.802161	4.747847	4.349721	3.891632	3.485122	3.160359	3.081173	2.998023	2.786524	2.086318	1.929648	1.66379	1.661032	0.01293305	0	0	
14.00121	13.50978	12.9602	12.88837	12.66268	12.56293	12.39664	12.34307	12.33438	12.256	12.19777	12.1851	12.1726	12.12648	11.76745	11.67426	11.57432	11.49064	11.3875	11.24439	11.24314	11.08389	10.94289	10.88487	10.57402	10.21475	10.04053	9.761472	9.34846	9.069585	8.865726	8.725035	8.657439	7.956693	7.941592	7.815763	7.406191	7.298751	7.287347	7.273432	6.877692	6.810272	6.580051	6.049331	5.973621	4.995826	4.783448	4.412199	3.698643	2.301156	2.219213	2.121643	2.020336	1.797884	1.69969	1.287635	0.2103377	0	0	0	
14.00121	13.50978	12.9602	12.88837	12.78076	12.66268	12.61802	12.59902	12.56293	12.39664	12.34307	12.33438	12.256	12.19777	12.1851	12.1726	12.12648	11.76745	11.73254	11.67426	11.57432	11.50565	11.49064	11.3875	11.24439	11.14396	10.54613	10.40417	10.29795	10.09745	9.701365	9.650592	9.633551	9.630012	9.380793	8.924506	8.89127	8.845916	8.819164	8.740972	8.702174	8.661996	8.287601	8.181627	7.525685	7.374575	7.215394	7.018642	6.404444	6.133567	5.967365	5.676768	3.923975	3.783056	3.614336	1.852871	1.706812	1.637236	1.079056	0	
14.42107	14.00121	13.50978	13.2039	12.9602	12.88837	12.78076	12.66268	12.61802	12.59902	12.56293	12.39664	12.34307	12.33438	12.256	12.19777	12.1851	12.1726	12.12648	11.76745	11.73254	11.67426	11.06928	10.1654	9.375257	9.205408	8.458867	8.408751	8.389192	8.060728	8.046935	7.594032	7.441235	7.370814	6.708936	6.691111	6.489751	6.292267	6.22027	5.93139	5.825172	5.631987	5.050595	4.700548	4.26474	4.124052	4.065141	4.053132	3.923975	3.424492	3.123824	2.205194	1.905291	1.553326	0.5629901	0.4946841	0	0	0	0	
14.42107	14.00121	13.50978	13.2039	12.98116	12.9602	12.88837	12.78076	12.66268	12.61802	12.59902	12.56293	12.45781	12.39664	12.35462	12.34307	12.33438	12.256	12.19777	12.1851	12.1726	12.12648	12.08175	12.06848	11.76745	11.29039	11.12781	10.96953	10.9368	10.91098	10.52847	10.12463	10.0393	9.752361	9.64785	9.523283	9.346209	8.727375	8.367718	7.764421	7.487218	6.656771	6.651232	6.517137	6.511117	6.459396	6.318892	6.019	5.624441	5.413868	5.346699	3.605986	3.372696	3.04536	2.685014	2.658305	2.474976	2.201549	2.149333	0.2293974	
14.42107	14.00121	13.6253	13.50978	13.2039	12.98116	12.9602	12.88837	12.78076	12.66268	12.61802	12.59902	12.56293	12.45781	12.44757	12.39664	12.35462	12.34307	12.33438	12.30977	12.27802	12.256	12.19777	12.1851	12.17182	11.94405	11.36885	10.88527	10.47098	10.40419	10.34202	10.2064	9.971409	9.552142	9.397465	9.124627	8.959534	8.228975	8.108539	7.993003	7.917117	7.70331	7.588249	7.454894	7.240609	6.866478	6.354497	6.311193	5.660487	5.516617	4.800272	4.085278	3.410147	3.314446	1.621384	0.9020311	0.5773944	0.2875353	0	0	
14.42107	14.00121	13.6253	13.50978	13.2039	13.02336	12.98116	12.9602	12.88837	12.78076	12.66268	12.61802	12.59902	12.56293	12.45781	12.44757	12.39664	12.35462	12.34307	12.33438	12.30977	12.12648	11.88409	11.69303	11.59898	11.27951	11.1358	10.87074	10.82375	10.51605	10.40034	10.35896	9.657553	9.490582	9.068729	9.014927	8.242845	7.736551	7.677379	7.659241	7.469042	7.327049	6.911996	6.776351	6.360684	6.349843	5.709325	5.693677	5.130954	4.870407	4.706202	4.650195	4.34785	4.006749	3.075791	2.984015	2.592182	0.8609	0.818785	0.05241828	
14.42107	14.00121	13.6253	13.50978	13.2039	13.02336	12.98116	12.9602	12.88837	12.78076	12.78076	12.66268	12.61802	12.59902	12.59875	12.56799	12.56293	12.55871	12.45781	12.44757	12.39664	12.35462	12.34307	12.33438	12.10524	12.08068	11.84815	11.58203	11.04142	10.88255	10.65513	10.4656	10.15583	10.061	10.0456	9.932119	9.901705	9.793284	9.633278	9.401123	9.157941	8.980446	8.406951	8.21052	8.122183	7.847563	7.680356	7.122688	6.884847	6.374335	6.307983	6.3033	6.019316	5.992943	5.820065	5.339858	4.226357	4.096678	3.342722	0	
14.42107	14.00121	13.6253	13.6253	13.50978	13.2039	13.02336	12.98116	12.9602	12.88837	12.78076	12.78076	12.66268	12.64019	12.61802	12.59902	12.59875	12.56799	12.56293	12.55871	12.45781	12.44757	11.61345	11.54244	10.90638	10.65821	10.35096	9.769193	9.589256	9.370704	9.08485	8.917888	8.753096	8.728942	8.315283	8.076138	8.029603	8.010371	7.765906	7.740992	7.678423	7.421557	7.029029	7.023607	6.930789	6.880989	6.776302	6.77178	6.689517	6.512741	5.657803	4.673646	4.609422	4.238957	4.114017	3.45773	2.335809	2.32928	0.7950311	0	
14.42107	14.00121	13.6253	13.6253	13.56988	13.50978	13.2039	13.02336	12.98116	12.9602	12.88837	12.78076	12.78076	12.66268	12.6468	12.64019	12.62478	12.61802	12.59902	12.59875	12.56799	12.56293	12.55871	12.34446	12.33384	12.10393	11.64631	11.28614	11.23872	11.21286	11.1462	11.09718	10.66252	10.62189	10.24903	10.20444	9.950603	9.78548	9.688183	9.61552	8.070966	7.542564	7.331703	7.031262	6.685852	6.002093	5.911458	4.956719	4.434372	3.624388	3.608779	3.460042	3.274494	2.800354	2.719141	1.823513	1.249095	0.454608	0.3197927	0	
14.42107	14.00121	13.6253	13.6253	13.56988	13.50978	13.27473	13.23703	13.2039	13.02336	13.00255	12.98116	12.9602	12.89876	12.88837	12.87881	12.78076	12.78076	12.74471	12.66268	12.65714	12.6468	12.64019	12.62478	12.61802	12.59902	12.59875	12.11447	12.03509	10.48315	10.41456	10.37522	10.25403	9.861054	9.822288	9.68825	8.825823	8.786458	8.303199	8.210421	8.03539	7.726483	7.462956	7.397149	7.379322	7.341685	6.877214	6.42382	5.823188	5.400791	5.345032	5.23727	5.081923	3.347017	3.002126	2.813799	2.193301	1.71402	1.493499	0.454608	
14.42107	14.03962	14.00121	13.6253	13.6253	13.56988	13.50978	13.27473	13.23703	13.2039	13.02336	13.00255	12.98116	12.9602	12.89876	12.88837	12.87881	12.78076	12.78076	12.74471	12.66268	12.62642	12.48446	12.30937	12.08485	11.99315	11.73994	11.55942	11.53453	11.41682	11.39853	11.35793	11.20077	11.00288	10.87407	10.48315	10.3885	10.29946	10.08865	9.642037	9.132959	9.08044	8.982999	8.742617	8.503515	8.353513	8.091632	7.599355	7.588171	7.525764	7.308595	5.067512	4.963995	3.914556	3.36221	3.230338	2.336478	1.776469	0	0	
14.42107	14.03962	14.00121	13.71414	13.6253	13.6253	13.56988	13.50978	13.27473	13.23703	13.2039	13.02336	13.00255	12.98116	12.9602	12.89876	12.88837	12.87881	12.87387	12.78076	12.78076	12.74471	12.53065	12.13658	11.99599	11.81917	11.783	11.72283	11.6019	11.45483	11.44554	11.43449	11.07788	10.61332	10.46826	10.42255	10.41995	10.28495	10.20117	10.18869	9.647758	9.494328	9.427139	9.000766	8.88828	8.611902	8.061829	7.911496	7.368854	6.957029	6.097471	5.680311	5.450223	5.309642	4.84927	4.34488	4.040377	3.725089	1.734124	0	
15.22346	14.42107	14.03962	14.00121	13.71414	13.6253	13.6253	13.56988	13.50978	13.45731	13.27473	13.23703	13.2039	13.19328	13.02336	13.00255	12.98116	12.9602	12.89876	12.88837	12.87881	12.87387	12.78076	12.73142	12.16147	12.05205	11.92162	11.81484	11.3777	11.17032	10.82262	10.47518	10.42114	10.39461	10.22544	10.22305	10.03342	9.611926	9.291037	9.223392	9.168839	8.390915	8.240053	7.58836	7.531927	7.454053	6.304406	6.16657	6.083473	5.102261	5.018949	4.991637	4.755821	4.611779	3.945299	3.702162	3.206732	1.899336	1.869569	0	
15.22346	14.42107	14.03962	14.00121	13.71414	13.6253	13.6253	13.56988	13.50978	13.45731	13.27473	13.23703	13.2039	13.19328	13.18692	13.02336	13.00255	12.98116	12.9602	12.91673	12.89876	12.88837	12.4979	11.80986	11.18996	10.95071	10.94643	10.69164	10.62483	10.43937	9.790051	9.771251	9.521439	9.260023	9.142587	9.080691	8.697372	8.679871	8.523459	8.509924	8.372345	8.06659	8.029245	7.544689	7.534665	7.431522	7.202773	7.201878	6.656627	6.612148	5.722442	5.29611	5.076513	4.110143	3.997825	3.870906	3.572408	3.44784	2.49148	0.7650277	
15.22346	14.42107	14.03962	14.00121	13.86071	13.71414	13.66017	13.6253	13.6253	13.56988	13.50978	13.45731	13.27473	13.23703	13.2039	13.19328	13.18692	13.02336	13.00255	12.98116	12.9602	12.91673	12.47914	12.1553	12.09723	11.98398	11.93264	11.85327	11.33581	11.30181	11.2123	11.0537	10.75766	10.72469	10.47457	10.09748	9.924294	9.83838	9.749009	9.636018	9.590499	9.587182	9.58221	9.564923	9.239257	8.816378	8.383848	8.111136	7.565464	7.03084	6.376805	5.364993	4.085718	3.522123	3.419693	2.91291	2.047345	0	0	0	
15.22346	14.42107	14.03962	14.00121	13.86071	13.71414	13.66017	13.6253	13.6253	13.56988	13.50978	13.45731	13.27473	13.23703	13.2039	13.19328	13.18692	13.02336	13.00255	12.98116	12.79356	12.75201	11.96096	11.94751	11.80705	11.79288	11.49949	10.69844	10.50653	10.3837	10.33838	10.19188	9.933059	9.747447	9.562737	9.241894	9.070615	9.040728	8.094991	8.035057	7.943494	7.929496	7.787959	7.625619	7.607264	7.372585	6.981312	6.904337	6.825471	6.69387	5.823531	5.356477	4.006042	3.60902	2.703613	2.597305	0.6450642	0.5003536	0	0	
15.69338	15.22346	14.42107	14.03962	14.00121	13.86071	13.81215	13.71414	13.66017	13.6253	13.6253	13.56988	13.50978	13.45731	13.40475	13.32017	13.27473	13.23703	13.2039	13.19328	13.18692	13.02336	13.00255	12.98116	12.88095	12.58772	12.13737	12.0444	11.9383	11.89575	11.67366	11.62553	11.58205	11.49161	11.22717	11.21393	10.69355	9.922591	9.504506	9.024212	8.906059	8.887976	8.834105	8.717854	8.483551	8.309299	8.035057	7.414189	7.158102	6.933237	6.780487	5.924713	5.471308	4.516733	4.160907	3.830063	3.464846	3.090782	2.852538	0.831457	
15.69338	15.22346	14.42107	14.03962	14.00121	13.86071	13.81215	13.71414	13.66017	13.6253	13.6253	13.56988	13.53205	13.50978	13.45731	13.40475	13.33078	13.32017	13.27473	13.23703	13.2039	13.19328	13.05741	12.76004	12.39932	12.21786	12.10685	11.95926	11.31171	11.24431	11.2131	10.66875	10.45082	10.30877	10.06163	9.842174	9.59909	9.529074	9.478026	9.419264	9.326141	9.291581	9.10662	9.063554	8.889113	8.872699	8.770163	8.681562	8.548859	8.353533	7.583133	7.167722	6.918429	5.409214	4.862915	4.501876	2.766231	0	0	0	
15.69338	15.22346	14.42107	14.03962	14.00121	13.86071	13.81215	13.71414	13.66017	13.6253	13.6253	13.56988	13.54989	13.54157	13.53205	13.50978	13.45731	13.40475	13.33078	13.32017	13.28782	13.27473	13.23703	12.76342	12.49556	12.44937	12.34947	12.07061	12.05779	11.75009	11.20331	11.14297	11.06607	11.05209	10.99617	10.93441	10.50766	10.2972	10.18812	9.823717	9.510291	9.428427	9.293989	8.51685	8.342559	8.26211	8.082647	7.197591	6.630532	5.999554	5.484052	5.463558	4.415864	4.38006	3.578591	2.98488	2.734998	1.554514	0.9227418	0	
15.69338	15.22346	14.42107	14.03962	14.00121	13.86071	13.84864	13.81215	13.71414	13.70852	13.66017	13.6253	13.6253	13.6253	13.6253	13.56988	13.54989	13.54157	13.53205	13.50978	13.45731	13.40475	13.33078	13.32017	13.29585	13.10805	12.6916	12.49658	12.2678	12.19763	11.82189	11.44176	11.12823	11.12074	11.07244	10.41272	10.29436	9.985347	9.827851	9.654341	9.531426	9.055998	8.831634	8.745397	8.702595	8.054205	8.042161	7.495107	7.25309	6.33135	5.668965	5.477254	3.307465	3.162347	2.873168	2.869826	2.151058	1.311766	0	0	
15.69338	15.22346	14.42107	14.03962	14.00121	13.90829	13.86071	13.85547	13.84864	13.81215	13.71414	13.70852	13.66017	13.6253	13.6253	13.6253	13.6253	13.56988	13.54989	13.54157	13.53205	13.50978	12.81429	12.61513	12.34313	11.92561	11.80424	11.61838	11.60261	11.50169	11.25607	10.98567	10.72771	10.64497	10.62926	10.59265	10.36337	10.34288	10.17038	10.00663	9.887637	9.069715	8.956222	8.468888	8.464741	8.42119	8.272031	8.044196	7.853764	7.316602	7.036357	6.041597	6.028679	6.016868	5.060863	3.023213	2.83082	1.757338	0.4207368	0	
15.69338	15.22346	14.42107	14.03962	14.00121	13.97195	13.90829	13.86071	13.85547	13.84864	13.84544	13.81215	13.71414	13.70852	13.66017	13.6253	13.6253	13.6253	13.6253	13.56988	13.54989	13.54157	12.86178	12.6024	12.24368	12.14767	11.87302	11.84877	11.48806	11.47266	11.26643	10.94293	10.86879	10.84387	10.76994	10.69767	10.68213	10.63703	10.62941	10.37214	10.33751	10.12156	10.03654	9.806805	9.762115	9.023011	8.693419	8.481706	8.254217	6.961027	6.648729	6.618119	6.315271	5.778464	4.980503	4.445474	3.676666	3.023899	0	0	
15.69338	15.22346	15.08156	15.07728	14.42107	14.03962	14.00121	13.97195	13.90829	13.86071	13.85547	13.84864	13.84544	13.81215	13.71414	13.70852	13.66017	13.6253	13.6253	13.6253	13.6253	13.56988	12.85537	12.42343	12.21165	11.99647	11.67529	11.43205	11.30647	11.15909	10.47597	10.10083	9.982879	9.888262	9.846007	9.741548	9.700511	9.614525	9.353086	9.096367	9.059136	8.826524	8.789664	8.666091	8.521387	8.252278	7.763714	7.542525	7.267872	7.251103	6.828954	6.740998	6.611339	6.484886	6.090469	6.053882	5.967062	5.513474	4.640419	2.053705	
15.69338	15.22346	15.08156	15.07728	14.42107	14.03962	14.00121	13.97195	13.90829	13.86071	13.85547	13.84864	13.84544	13.81215	13.71414	13.70852	13.66017	13.6253	13.6253	13.6253	13.15635	13.08842	12.89438	12.78991	12.78546	12.68689	12.67192	12.52045	12.41378	12.37179	12.33493	12.21671	11.51652	10.83026	10.63838	10.61447	10.50412	10.48839	9.795726	9.536001	9.441896	9.242802	8.896288	8.620554	8.57138	8.295795	8.095661	7.650916	7.622302	7.256159	6.55153	6.092341	6.090469	5.710727	5.674916	5.514618	4.764942	3.499219	2.968473	0	
15.69338	15.38089	15.22346	15.08156	15.07728	14.54309	14.42107	14.03962	14.00121	13.97195	13.9644	13.90829	13.86071	13.85547	13.84864	13.84544	13.81215	13.73051	13.71414	13.70852	13.66017	13.64764	13.6253	13.6253	13.6253	13.5996	13.57618	13.45013	12.97457	12.66831	12.30557	12.15419	12.12374	11.5891	11.58115	11.48869	11.35852	11.1422	11.12784	10.80612	10.61097	10.55835	9.823177	9.687064	9.537815	9.148724	8.581091	8.368496	8.258108	8.084035	7.065782	6.980946	6.728409	5.745062	4.468387	3.877082	3.491034	1.756664	0.6221563	0.4373938	
15.69338	15.38089	15.22346	15.08156	15.07728	14.54309	14.42107	14.07725	14.03962	14.00121	13.97195	13.9644	13.90829	13.86071	13.85547	13.84864	13.84544	13.81215	13.73051	13.71414	13.70852	13.42174	13.35451	13.17006	13.02214	12.62163	12.29473	12.27868	12.13374	11.61402	11.3645	11.35443	11.35107	11.28665	11.2193	11.16761	11.0633	10.95559	10.89979	10.77259	10.65355	10.62149	10.47908	10.13697	9.956433	9.949243	9.883705	9.553588	9.401035	9.259893	9.081511	7.659133	7.569461	6.639857	5.382421	4.610142	3.978243	3.823466	3.685466	1.868624	
15.69338	15.38089	15.22346	15.08156	15.07728	14.56893	14.54309	14.42107	14.23814	14.07725	14.03962	14.00121	13.97195	13.9644	13.90829	13.86071	13.85547	13.84864	13.84544	13.81215	13.78708	13.73051	13.71414	13.57977	13.23614	13.21814	13.01186	12.68938	12.67406	12.46479	12.40319	12.08395	11.50188	11.36967	11.12212	10.95543	10.95277	10.07746	9.790055	9.709405	9.405704	9.293655	9.261686	8.525886	8.056442	7.973583	7.885983	7.783859	7.02597	6.953032	6.199178	5.36691	5.028924	4.080349	2.874459	0.4982969	0	0	0	0	
16.54761	15.69338	15.38089	15.22346	15.08156	15.07728	15.01238	14.61526	14.56893	14.54309	14.42107	14.23814	14.07725	14.03962	14.00121	13.97195	13.9644	13.90829	13.86071	13.85547	13.84864	13.84544	13.81215	13.68725	13.3744	12.84637	12.77379	12.70617	11.6988	11.63142	11.08473	10.74192	10.54731	10.35354	9.691494	9.145636	8.850228	8.636292	8.361688	8.270877	8.005387	7.930192	7.714654	7.24842	6.712856	6.69152	6.640573	6.227424	6.204922	6.105147	5.5544	5.375305	4.860727	4.704717	1.534541	0.5606027	0.09958994	0	0	0	
16.54761	16.54761	15.69338	15.38089	15.22346	15.08156	15.07728	15.01238	14.61526	14.56893	14.54309	14.45885	14.42107	14.26014	14.23814	14.07725	14.03962	14.00121	13.97195	13.9644	13.90829	13.86071	13.85547	13.80891	13.39613	13.14183	12.9592	12.59105	12.42603	11.96138	11.53704	11.49619	11.3628	11.16387	11.08705	10.96156	10.85423	10.80639	10.76901	10.43512	10.35335	10.21239	9.418353	8.934509	8.651675	7.901051	7.714654	7.535083	7.242107	6.4477	5.450243	4.812987	3.864334	3.622452	3.284316	2.709821	2.165015	1.883105	1.019741	0.474573	
16.54761	16.54761	15.69338	15.38089	15.22346	15.08156	15.07728	15.01238	14.61526	14.56893	14.54309	14.50306	14.45885	14.42107	14.31156	14.26014	14.23814	14.22716	14.07725	14.03962	14.00121	13.97195	13.9644	13.52909	13.46052	13.29098	12.63268	12.49297	12.13835	12.04187	12.01984	11.92755	11.89018	11.80761	11.70095	11.40682	10.83288	10.72223	10.59638	10.33676	10.12726	10.11238	9.980621	9.92157	9.708792	9.516317	9.40828	8.978323	8.278565	7.806215	7.100356	6.024569	5.931266	5.90067	5.800439	5.59721	4.982124	4.648588	4.063227	3.218306	
16.54761	16.54761	15.69338	15.38089	15.22346	15.08156	15.07728	15.01238	14.61526	14.56893	14.54309	14.50306	14.45885	14.42107	14.38072	14.31156	14.26014	14.23814	14.22716	14.07725	14.03962	13.7208	13.6712	13.3299	13.02933	12.97558	12.48307	12.35614	12.11514	11.94596	11.79624	11.72393	11.63545	11.60044	11.5826	11.51426	10.8806	10.82478	10.80166	10.79136	10.3784	10.33676	9.967789	9.703284	9.37767	9.338775	9.204665	8.562463	7.88292	7.846553	7.675962	6.674129	6.636519	6.61901	5.92438	5.781979	5.574363	5.530602	4.851917	0.7005452	
16.54761	16.54761	15.69338	15.38089	15.22346	15.08156	15.07728	15.01238	14.61526	14.58583	14.56893	14.54309	14.50734	14.50306	14.45885	14.42107	14.38072	14.31156	14.26014	14.23814	14.22716	14.07725	14.05069	13.43681	13.19247	13.04113	12.71304	12.52506	12.34505	12.17727	12.15104	12.02803	11.88047	11.87426	11.86914	11.27826	11.12784	10.91724	10.81378	10.173	10.14853	10.06418	9.988473	9.778518	9.516367	9.449866	9.426226	9.167086	9.162442	9.16115	9.00293	8.624879	8.536012	8.40154	8.390867	7.796466	7.738928	7.097666	4.741663	1.544981	
16.54761	16.54761	16.54761	16.54761	15.69338	15.4205	15.38089	15.22346	15.08156	15.07728	15.01238	14.62402	14.61526	14.58583	14.56893	14.54309	14.50734	14.50306	14.45885	14.42107	14.39161	14.38072	14.31156	14.26014	14.23814	13.62475	13.18298	12.78091	12.57774	12.47929	12.22777	11.56279	11.41546	11.0156	10.9797	10.50321	10.34634	10.18599	10.11394	10.05367	10.0276	9.791965	9.775792	9.034599	8.908041	8.82146	8.514117	8.468754	8.267357	8.24112	7.867362	7.723472	7.711037	7.685518	7.055485	6.748137	5.469487	5.281562	2.695466	1.765439	
16.54761	16.54761	16.54761	16.54761	15.69338	15.4205	15.38089	15.33689	15.22346	15.08156	15.07728	15.01238	14.62402	14.61717	14.61526	14.58583	14.56893	14.54309	14.50734	14.50306	14.45885	14.42107	14.10565	13.9609	13.61948	13.35032	13.06025	12.94449	12.84145	12.41457	12.3961	12.15766	12.08999	11.50537	11.07486	10.686	10.18346	9.818906	9.813647	9.161171	8.71091	8.685767	8.373083	8.259978	8.171166	7.949934	7.47156	7.328347	7.166916	7.153814	5.626016	5.59172	5.459474	4.869876	4.183786	3.980297	3.678311	3.580662	2.942801	0	
16.54761	16.54761	16.54761	16.54761	16.30074	15.69338	15.69338	15.4205	15.38089	15.33689	15.22346	15.18808	15.08156	15.07728	15.01238	14.83548	14.62402	14.61717	14.61526	14.58583	14.56893	14.55684	14.54309	14.50734	14.50306	14.33866	13.6506	13.39065	13.12542	12.92277	12.90423	12.55917	12.37925	12.37281	10.99194	10.87083	10.73159	10.67469	10.55923	10.14391	10.14107	9.896189	9.458586	9.182976	9.038218	8.925461	8.907705	8.794985	8.785856	8.756268	8.301453	7.227914	6.677813	6.014576	5.992697	5.991493	5.572992	4.086913	2.333832	0	
16.54761	16.54761	16.54761	16.54761	16.30074	15.69338	15.69338	15.4205	15.38089	15.33689	15.24181	15.22346	15.18808	15.08156	15.07728	15.01238	14.83548	14.62402	14.61717	14.61526	14.58583	14.42711	14.28149	13.72758	13.49649	13.38864	13.2862	13.01307	12.83934	12.70663	12.09998	12.0272	11.08175	11.01187	10.90568	10.80263	10.67636	10.28261	10.02278	9.399952	9.368669	9.353498	8.758166	8.734184	8.684119	8.646527	8.212397	8.08916	7.930968	7.881069	6.271268	6.122818	5.704254	4.649377	3.854979	3.676423	3.502971	2.638956	2.045995	0	
