Elite Size: 15, roulete size: 25, random size: 0
Mutation type: Stepy
CycleEval?: True, accelEval?: False, heightEval?: True
Funcion: Fourier_Med_Partida_FaseSync, empujon inicial: (0,0,0)
0.07636124	0.04989605	0.04665129	0.04095821	0.03830201	0.03759617	0.0339877	0.03062665	0.02929705	0.02546971	0.02493993	0.02251314	0.01976586	0.01811261	0.009275884	0	0	0	0	0	0	0	0	0	0	0	0	0	0	0	0	0	0	0	0	0	0	0	0	0	
0.07636124	0.05293839	0.04989605	0.04665129	0.04628351	0.04095821	0.04008391	0.03876817	0.03830201	0.03759617	0.0339877	0.03289789	0.03062665	0.02929705	0.02811868	0.02546971	0.02493993	0.02251314	0.0207568	0.01976586	0.01811261	0.01773861	0.01658019	0.009275884	0.006815189	0	0	0	0	0	0	0	0	0	0	0	0	0	0	0	0	
0.07636124	0.06522654	0.06356352	0.05293839	0.04989605	0.04785715	0.04665129	0.04628351	0.04332153	0.04095821	0.04008391	0.03918258	0.03876817	0.0385686	0.03830201	0.03759617	0.03656642	0.03553198	0.03440271	0.03421282	0.0339877	0.03289789	0.03062665	0.02929705	0.02811868	0.0261207	0.02242981	0.01504815	0.01455303	0.0128241	0.005137292	0.003960794	0	0	0	0	0	0	0	0	0	
0.07636124	0.06522654	0.06356352	0.05645363	0.05389544	0.05351536	0.05293839	0.04989605	0.04785715	0.04665129	0.04628351	0.04490461	0.04332153	0.04311148	0.04095821	0.04063639	0.04008391	0.03918258	0.03876817	0.0385686	0.03830201	0.03779304	0.03498104	0.031752	0.03115543	0.03072253	0.02467114	0.02207058	0.02048285	0.02022366	0.01807194	0.01566809	0.01536648	0.01071602	0	0	0	0	0	0	0	
0.07636124	0.06522654	0.06356352	0.05645363	0.05389544	0.05351536	0.05293839	0.05131876	0.0510826	0.04989605	0.04958146	0.04785715	0.04665129	0.04628351	0.04518153	0.04490461	0.04432384	0.04332153	0.04311148	0.0426738	0.04095821	0.03576823	0.03491559	0.03185136	0.03075107	0.02349428	0.02244383	0.02098783	0.01943287	0.002044767	0	0	0	0	0	0	0	0	0	0	0	
0.2152821	0.07636124	0.06522654	0.06356352	0.06047437	0.05645363	0.05389544	0.05351536	0.05293839	0.05131876	0.0510826	0.04989605	0.04958146	0.04882628	0.04785715	0.04680443	0.04665129	0.04628351	0.04518153	0.04154712	0.04112205	0.04042417	0.0400223	0.03822207	0.03599436	0.03499716	0.0328936	0.02946715	0.02880636	0.02436675	0.02372526	0.01586317	0	0	0	0	0	0	0	0	0	
0.2152821	0.07636124	0.06522654	0.06385236	0.06356352	0.06047437	0.05645363	0.05389544	0.05351536	0.05293839	0.05131876	0.05121051	0.0510826	0.04989605	0.04958146	0.04882628	0.04785715	0.0429043	0.04202269	0.04022924	0.03825155	0.02363296	0.02293625	0.02255781	0.01958518	0.01694163	0.009056598	0	0	0	0	0	0	0	0	0	0	0	0	0	0	
0.2152821	0.138604	0.07636124	0.06652635	0.06522654	0.06385236	0.06356352	0.06138295	0.06047437	0.05645363	0.05492697	0.05389544	0.05351536	0.05293839	0.05131876	0.05121051	0.0510826	0.04989605	0.04958146	0.04887749	0.04675881	0.04672576	0.04522672	0.04284007	0.03994665	0.03875517	0.02309398	0.0211235	0.01887913	0.01682926	0.016812	0.01620944	0.006263248	0	0	0	0	0	0	0	0	
0.2152821	0.1785359	0.138604	0.07636124	0.07627457	0.06652635	0.06522654	0.06385236	0.06356352	0.06138295	0.06104418	0.06047437	0.05645363	0.05492697	0.05449339	0.05389544	0.05351536	0.05293839	0.05131876	0.04409178	0.04325714	0.04134545	0.03960924	0.03953178	0.03847314	0.03420598	0.02716002	0.0255838	0.02497394	0.02447545	0.007557889	0.004129607	0	0	0	0	0	0	0	0	0	
0.2152821	0.1785359	0.138604	0.07878041	0.07636124	0.07627457	0.07264908	0.06652635	0.06579664	0.06522654	0.06385236	0.06356352	0.06184443	0.06138295	0.06104418	0.06047437	0.05645363	0.05492697	0.05449339	0.05216798	0.04662933	0.04530752	0.04143916	0.03918975	0.03557952	0.03533819	0.03488709	0.02080069	0.008309893	0	0	0	0	0	0	0	0	0	0	0	0	
0.2152821	0.1785359	0.138604	0.07878041	0.07636124	0.07627457	0.07264908	0.06672011	0.06652635	0.06579664	0.06522654	0.06385236	0.06356352	0.06184443	0.06138295	0.06104418	0.04626939	0.04622122	0.04201934	0.04053999	0.03327082	0.0327547	0.03214077	0.02966104	0.02931237	0.02857568	0.01839415	0.006563887	0.005695588	0	0	0	0	0	0	0	0	0	0	0	0	
0.2152821	0.1785359	0.138604	0.07878041	0.07659361	0.07636124	0.07627457	0.07264908	0.06672011	0.06652635	0.06579664	0.06522654	0.06385236	0.06356352	0.06184443	0.06138295	0.05469711	0.05136031	0.05000501	0.04901991	0.04803852	0.04729103	0.04646391	0.04529659	0.03394512	0.03043455	0.02677011	0.02523484	0.01397994	0	0	0	0	0	0	0	0	0	0	0	0	
0.2152821	0.1785359	0.138604	0.07878041	0.07659361	0.07636124	0.07627457	0.07264908	0.06672011	0.06652635	0.06652235	0.06579664	0.06522654	0.06385236	0.06356352	0.06184443	0.05560736	0.05357664	0.05071374	0.05047204	0.05021916	0.04982335	0.04490227	0.04371122	0.03947316	0.03220715	0.02968871	0.02951677	0.01993958	0.01662537	0.0150872	5.892355E-05	0	0	0	0	0	0	0	0	0	
0.2152821	0.1785359	0.138604	0.1382864	0.1188658	0.07878041	0.07659361	0.07636124	0.07627457	0.07264908	0.07222853	0.06672011	0.06652635	0.06652235	0.06579664	0.06522654	0.06385236	0.06356352	0.06074014	0.05047486	0.04583117	0.04231832	0.04153368	0.03705407	0.03591423	0.03184228	0.03100903	0.02922867	0.0287021	0.02671652	0.01864091	0.01003934	0.004986833	0	0	0	0	0	0	0	0	
0.2152821	0.1785359	0.174669	0.138604	0.1382864	0.1188658	0.07878041	0.07659361	0.07636124	0.07627457	0.07264908	0.07222853	0.06672011	0.06652635	0.06652235	0.06579664	0.06261453	0.06228586	0.06090967	0.05448783	0.04947478	0.04511954	0.03425378	0.03228994	0.03190333	0.03090692	0.02841534	0.02639724	0.02303416	0.02002854	0.01829084	0.007541902	0.007070025	0	0	0	0	0	0	0	0	
0.2152821	0.1785359	0.174669	0.138604	0.1382864	0.1188658	0.07878041	0.07659361	0.07636124	0.07627457	0.07264908	0.07222853	0.06672011	0.06652635	0.06652235	0.05985186	0.0595755	0.05042329	0.05015408	0.04843279	0.0478318	0.04430261	0.0376857	0.03716385	0.03684726	0.03671033	0.03590026	0.0312852	0.03082773	0.01247737	0.009237081	0	0	0	0	0	0	0	0	0	0	
0.2473295	0.2152821	0.1785359	0.174669	0.138604	0.1382864	0.1188658	0.07878041	0.07659361	0.07636124	0.07627457	0.07264908	0.07222853	0.07074021	0.06840624	0.06672011	0.06652635	0.06652235	0.05477592	0.04572837	0.04267536	0.04217743	0.04089158	0.03664958	0.03295153	0.02725685	0.02682641	0.008863597	0	0	0	0	0	0	0	0	0	0	0	0	0	
0.2584188	0.2473295	0.2152821	0.1785359	0.174669	0.138604	0.1382864	0.1188658	0.09785167	0.07878041	0.07659361	0.07636124	0.07627457	0.07264908	0.07222853	0.07074021	0.06840624	0.05317503	0.05167217	0.05086243	0.04963332	0.04400545	0.04286941	0.04248296	0.03992784	0.02913976	0.02828943	0.02052706	0.02009995	0.01648949	0.01165139	0	0	0	0	0	0	0	0	0	0	
0.2584188	0.2473295	0.2152821	0.2087913	0.1785359	0.174669	0.138604	0.1382864	0.1188658	0.09785167	0.08776801	0.07878041	0.07659361	0.07636124	0.07627457	0.07264908	0.07222853	0.06943712	0.06719709	0.04464223	0.03981273	0.03615976	0.03334852	0.03144434	0.03046382	0.02540604	0.022128	0.0162831	0.01129882	0.009097544	0	0	0	0	0	0	0	0	0	0	0	
0.2584188	0.2473295	0.2152821	0.2109906	0.2087913	0.181195	0.1785359	0.174669	0.138604	0.1382864	0.1188658	0.09785167	0.08776801	0.07878041	0.07659361	0.07636124	0.07627457	0.06152532	0.05363325	0.05237201	0.05091769	0.05024651	0.04994014	0.04866229	0.0486041	0.04691176	0.04584078	0.0334933	0.03329366	0.02991688	0.02965414	0.02802694	0.01258975	0	0	0	0	0	0	0	0	
0.2584188	0.2473295	0.2251027	0.2152821	0.2109906	0.2087913	0.181195	0.1785359	0.174669	0.1474604	0.138604	0.1382864	0.1188658	0.09785167	0.08776801	0.07878041	0.07659361	0.07428347	0.0613828	0.05958235	0.0540469	0.05236009	0.04664565	0.0461377	0.0398503	0.01699131	0.01576797	0.01129233	0.00838282	0	0	0	0	0	0	0	0	0	0	0	0	
0.2584188	0.2473295	0.2251027	0.2152821	0.2109906	0.2087913	0.181195	0.1785359	0.174669	0.1474604	0.138604	0.1382864	0.1188658	0.09785167	0.08776801	0.064059	0.06072973	0.049984	0.04254835	0.03675312	0.03662691	0.03657826	0.03606767	0.0339556	0.03391773	0	0	0	0	0	0	0	0	0	0	0	0	0	0	0	0	
0.2584188	0.2473295	0.2251027	0.2152821	0.2109906	0.2087913	0.181195	0.1785359	0.174669	0.1509113	0.1474604	0.138604	0.1382864	0.1188658	0.09785167	0.08776801	0.06182186	0.06011947	0.04882991	0.04196085	0.040448	0.04012815	0.03276696	0.02937764	0.02777322	0.01106508	0.006726445	0	0	0	0	0	0	0	0	0	0	0	0	0	0	
0.2584188	0.2473295	0.2251027	0.2152821	0.2109906	0.2087913	0.181195	0.1785359	0.174669	0.1509113	0.1474604	0.138604	0.1382864	0.1188658	0.09785167	0.09498663	0.06994077	0.06732245	0.0610782	0.05142758	0.05104455	0.05007473	0.04912814	0.04707693	0.04484702	0.04350597	0.0419292	0.04055203	0.03938097	0.0364133	0.03507695	0.03453974	0.03447691	0.02834057	0.02797597	0	0	0	0	0	0	
0.2584188	0.2473295	0.2251027	0.2152821	0.2109906	0.2087913	0.181195	0.1785359	0.174669	0.1509113	0.1474604	0.138604	0.1382864	0.1188658	0.1122658	0.09785167	0.05116693	0.05043513	0.04945472	0.04931967	0.04635294	0.0444227	0.04344639	0.04169896	0.03974184	0.03844474	0.03635909	0.03535575	0.02788493	0.02764978	0.02505663	0.0161934	0	0	0	0	0	0	0	0	0	
0.3024167	0.2584188	0.2473295	0.2251027	0.2152821	0.2109906	0.2087913	0.181195	0.1785359	0.174669	0.1509113	0.1474604	0.1424653	0.138604	0.1382864	0.1188658	0.1122658	0.08852304	0.06816132	0.06267647	0.06091221	0.05834593	0.05257965	0.05199645	0.04449427	0.04206952	0.0406585	0.03708128	0.03691841	0.03542601	0.03483559	0.01882607	0	0	0	0	0	0	0	0	0	
0.3024167	0.2584188	0.2473295	0.2251027	0.2152821	0.2109906	0.2087913	0.181195	0.1785359	0.174669	0.1509113	0.1474604	0.1424653	0.138604	0.1382864	0.1379948	0.1228467	0.06544454	0.05414039	0.05115675	0.0456097	0.04213711	0.0393282	0.03729112	0.03722011	0.03714288	0.02860664	0.02763415	0.02401367	0.02155806	0.007123011	0.005564409	0	0	0	0	0	0	0	0	0	
0.3024167	0.2584188	0.2473295	0.2251027	0.2152821	0.2109906	0.2087913	0.181195	0.1785359	0.174669	0.1509113	0.1474604	0.1424653	0.138604	0.1382864	0.1090962	0.09367304	0.07959768	0.0726879	0.07144333	0.06783967	0.05788952	0.05452518	0.05409155	0.04713477	0.04594255	0.04334591	0.03864086	0.03510772	0.02897321	0.02763618	0.02696177	0.02290932	0.007602427	0	0	0	0	0	0	0	
0.3024167	0.2584188	0.2473295	0.2251027	0.2173092	0.2152821	0.2109906	0.2087913	0.181195	0.1785359	0.174669	0.1509113	0.1474604	0.1424653	0.138604	0.1382864	0.09019743	0.06496943	0.05910897	0.05274041	0.04829276	0.0469964	0.04608092	0.04515822	0.04115063	0.03267358	0.02621244	0.02474744	0.02133852	0.01705863	0.01620759	0.01558025	0	0	0	0	0	0	0	0	0	
0.3024167	0.2584188	0.2473295	0.2251027	0.2173092	0.2152821	0.2109906	0.2087913	0.181195	0.1785359	0.174669	0.1509113	0.1474604	0.1424653	0.138604	0.09785924	0.07036512	0.06904933	0.0550691	0.05050057	0.04981068	0.04910228	0.04769999	0.04669956	0.04083961	0.03898023	0.03674207	0.03440548	0.03383568	0.01940659	0.01416756	0	0	0	0	0	0	0	0	0	0	
0.3024167	0.2584188	0.2473295	0.2251027	0.2173092	0.2152821	0.2109906	0.2087913	0.181195	0.1785359	0.174669	0.1509113	0.1474604	0.1424653	0.138604	0.130403	0.06993221	0.06371775	0.06035948	0.05727421	0.05396835	0.05293092	0.04665737	0.04462929	0.04394146	0.04379975	0.04126246	0.02772167	0.01542128	0.009677485	0.009132372	0.002916127	0	0	0	0	0	0	0	0	0	
0.4091834	0.3024167	0.2584188	0.2473295	0.2251027	0.2173092	0.2152821	0.2109906	0.2087913	0.181195	0.1785359	0.174669	0.1509113	0.1474604	0.1424653	0.138604	0.1038235	0.0730392	0.06101523	0.04823376	0.0478275	0.04761771	0.04503791	0.04060355	0.04015902	0.03958413	0.03176576	0.02244568	0	0	0	0	0	0	0	0	0	0	0	0	0	
0.4091834	0.3024167	0.2584188	0.2473295	0.2251027	0.2173092	0.2152821	0.2109906	0.2087913	0.181195	0.1785359	0.174669	0.1685476	0.1509113	0.1474604	0.1424653	0.0945299	0.06608222	0.0650041	0.06246882	0.05891684	0.0480647	0.04734051	0.03915155	0.0383268	0.03657397	0.03582251	0.03427951	0.02633224	0.02553988	0.02029611	0.01557175	0.01272652	0	0	0	0	0	0	0	0	
0.4091834	0.3024167	0.2584188	0.2473295	0.2251027	0.2173092	0.2152821	0.2109906	0.2087913	0.1925463	0.181195	0.1785359	0.174669	0.1685476	0.1509113	0.1474604	0.06603657	0.06437299	0.05952401	0.05667556	0.04311716	0.04045134	0.02769605	0.02309834	0.0197878	0.01417236	0.01192161	0	0	0	0	0	0	0	0	0	0	0	0	0	0	
0.4091834	0.3024167	0.2584188	0.2473295	0.2251027	0.2173092	0.2152821	0.2109906	0.2087913	0.1925463	0.1815618	0.181195	0.1785359	0.174669	0.1685476	0.1509113	0.09770045	0.06649949	0.06271772	0.0602859	0.05671677	0.05339775	0.04964234	0.04734503	0.04412845	0.03696844	0.03650729	0.03308651	0.03028998	0.02969771	0.02784416	0.02743474	0.02211278	0.01946545	0.01213929	0	0	0	0	0	0	
0.4091834	0.3024167	0.2584188	0.2473295	0.2251027	0.2173092	0.2152821	0.2109906	0.2087913	0.1925463	0.1815618	0.181195	0.1785359	0.174669	0.1685476	0.1596012	0.09345953	0.05484703	0.05139012	0.04965911	0.04578412	0.04340349	0.04204713	0.02684921	0.02544126	0.0236745	0.01862419	0.01726134	0.004395164	0	0	0	0	0	0	0	0	0	0	0	0	
0.4091834	0.3024167	0.2584188	0.2473295	0.2251027	0.2173092	0.2152821	0.2109906	0.2087913	0.1925463	0.1815618	0.181195	0.1785359	0.174669	0.1685476	0.1001636	0.07877767	0.07214336	0.06286742	0.05726799	0.05333914	0.05103283	0.04957481	0.04487238	0.04115112	0.04111584	0.03757142	0.02894621	0.02067453	0.01420254	0.005995476	0	0	0	0	0	0	0	0	0	0	
0.4091834	0.3024167	0.2584188	0.2473295	0.2251027	0.2173092	0.2152821	0.2109906	0.2087913	0.1963914	0.1925463	0.1815618	0.181195	0.1785359	0.174669	0.1685476	0.06724723	0.05780944	0.0499826	0.04957338	0.04825922	0.04143833	0.03536249	0.02755127	0.02694884	0.02424692	0.02087361	0.01852904	0.01630156	0	0	0	0	0	0	0	0	0	0	0	0	
0.4091834	0.3024167	0.2584188	0.2473295	0.2251027	0.2173092	0.2152821	0.2109906	0.2087913	0.1963914	0.1925463	0.1815618	0.181195	0.1785359	0.174669	0.1134556	0.1000922	0.07574689	0.06995317	0.06823381	0.06650286	0.06528958	0.05059505	0.0475895	0.04757104	0.04404528	0.03158691	0.03094854	0.006391075	0	0	0	0	0	0	0	0	0	0	0	0	
0.4091834	0.3024167	0.2584188	0.2473295	0.2251027	0.2173092	0.2152821	0.2109906	0.2087913	0.1963914	0.1925463	0.1869723	0.1815618	0.181195	0.1785359	0.174669	0.0966849	0.06955637	0.05965425	0.05963759	0.05892718	0.05633661	0.04949166	0.04576713	0.0443477	0.03323401	0.03298392	0.03039612	0.02386929	0.02339735	0.02095843	0	0	0	0	0	0	0	0	0	0	
0.4091834	0.3024167	0.2584188	0.2473295	0.2251027	0.2173092	0.2152821	0.2109906	0.2087913	0.1963914	0.1925463	0.1869723	0.1815618	0.181195	0.1785359	0.1122551	0.05557624	0.0510147	0.04561511	0.04196268	0.040934	0.03343734	0.03292098	0.02708209	0.02565499	0.02317778	0.02269987	0.01084041	0.00717569	0.00506958	0	0	0	0	0	0	0	0	0	0	0	
0.4091834	0.3024167	0.2584188	0.2473295	0.2251027	0.2173092	0.2152821	0.2109906	0.2087913	0.1963914	0.1925463	0.1869723	0.1815618	0.181195	0.1785359	0.08437003	0.07520595	0.0743395	0.07010163	0.0643427	0.05615409	0.04966658	0.04120608	0.0403785	0.03434883	0.03392761	0.03070495	0.02880686	0.02192334	0.02073816	0.0197601	0.0123057	0.002512546	0.0006073063	0	0	0	0	0	0	0	
0.4091834	0.3024167	0.2584188	0.2473295	0.2251027	0.2173092	0.2152821	0.2109906	0.2087913	0.1963914	0.1937882	0.1925463	0.1869723	0.1815618	0.181195	0.1785359	0.1734667	0.07306866	0.05611207	0.0490968	0.04077367	0.03977187	0.03888544	0.0368785	0.03361295	0.03342469	0.03096589	0.02525535	0.02346265	0	0	0	0	0	0	0	0	0	0	0	0	
0.4091834	0.3024167	0.2584188	0.2473295	0.2251027	0.2173092	0.2152821	0.2109906	0.2087913	0.1963914	0.1937882	0.1925463	0.1869723	0.1815618	0.181195	0.1284328	0.1024869	0.05392899	0.05301643	0.05151153	0.04846304	0.04692857	0.0428009	0.04008958	0.03773464	0.03454739	0.03414204	0.03194429	0.02688704	0.02676325	0	0	0	0	0	0	0	0	0	0	0	
0.4091834	0.3024167	0.2584188	0.2473295	0.2251027	0.2173092	0.2152821	0.2109906	0.2087913	0.1986707	0.1963914	0.1937882	0.1925463	0.1900751	0.1869723	0.1815618	0.181195	0.05376999	0.05295595	0.04269245	0.04074798	0.04062774	0.03497657	0.03386148	0.02794315	0.0277245	0.01166977	0.009773571	0.006633201	0	0	0	0	0	0	0	0	0	0	0	0	
0.4091834	0.3024167	0.2584188	0.2473295	0.2251027	0.2173092	0.2152821	0.2109906	0.2087913	0.1986707	0.1963914	0.1937882	0.1925463	0.1900751	0.1869723	0.1027024	0.09188434	0.0798831	0.06578071	0.06352562	0.06144385	0.06029903	0.04710934	0.04687893	0.04506507	0.03625616	0.03449938	0.03344093	0.0265255	0.02583646	0.02061687	0.01694469	0.01502122	0	0	0	0	0	0	0	0	
0.4091834	0.3024167	0.2584188	0.2473295	0.2251027	0.2173092	0.2152821	0.2109906	0.2087913	0.1986707	0.1963914	0.1937882	0.1925463	0.1900751	0.1869723	0.1515367	0.103459	0.09821359	0.0552091	0.05001844	0.04574564	0.04119373	0.03179815	0.02572235	0.01900035	0.01805376	0.01768686	0.01296207	0	0	0	0	0	0	0	0	0	0	0	0	0	
0.4091834	0.3024167	0.2584188	0.2473295	0.2251027	0.2173092	0.2152821	0.2109906	0.2087913	0.1986707	0.1973562	0.1963914	0.1937882	0.1925463	0.1900751	0.1869723	0.05983399	0.04486402	0.03414994	0.03103824	0.03071213	0.01724281	0.009957677	0.001972429	0	0	0	0	0	0	0	0	0	0	0	0	0	0	0	0	0	
0.4091834	0.3024167	0.2584188	0.2473295	0.2251027	0.2173092	0.2152821	0.2109906	0.2087913	0.1986707	0.1973562	0.1963914	0.1937882	0.1925463	0.1913052	0.1900751	0.08590118	0.07516512	0.07329331	0.0656269	0.04779149	0.04465506	0.04413621	0.04270913	0.04264693	0.04097048	0.03937434	0.03350276	0.0331211	0.03098944	0.01142558	0	0	0	0	0	0	0	0	0	0	
0.4091834	0.3024167	0.2584188	0.2473295	0.2251027	0.2173092	0.2152821	0.2109906	0.2087913	0.1986707	0.1973562	0.1963914	0.1937882	0.1925463	0.1913052	0.1802011	0.1134478	0.09919969	0.09214096	0.06266714	0.05114817	0.04824364	0.0477191	0.04660818	0.04314186	0.04279169	0.04209093	0.04140507	0.04139211	0.03913919	0.0374877	0.03397843	0.03288268	0.03167616	0.02269819	0.008745454	0	0	0	0	0	
0.4091834	0.3024167	0.2584188	0.2473295	0.2251027	0.2173092	0.2152821	0.2109906	0.2087913	0.1986707	0.1973562	0.1963914	0.1937882	0.1925463	0.1913052	0.1576786	0.1384718	0.1007711	0.06674619	0.05714453	0.05556606	0.04992051	0.04991098	0.03972118	0.03596116	0.03479066	0.02890318	0.02770926	0.02582411	0.02346772	0.02155682	0.01383476	0	0	0	0	0	0	0	0	0	
0.4091834	0.3024167	0.2584188	0.2473295	0.2251027	0.2173092	0.2152821	0.2109906	0.2087913	0.1986707	0.1973562	0.1963914	0.1937882	0.1925463	0.1913052	0.1904348	0.1331774	0.0599052	0.05876363	0.05429207	0.05088331	0.04102757	0.03904368	0.0369228	0.03556159	0.03514928	0.03202346	0.03163984	0.005054305	0.004250604	0	0	0	0	0	0	0	0	0	0	0	
0.4091834	0.3024167	0.2584188	0.2473295	0.2251027	0.2173092	0.2152821	0.2109906	0.2087913	0.2055666	0.1986707	0.1973562	0.1963914	0.1937882	0.1925463	0.1913052	0.1615875	0.09730058	0.06770671	0.05520524	0.04868199	0.04671543	0.03587163	0.03044808	0.02799453	0.02631127	0.01582139	0.01541004	0	0	0	0	0	0	0	0	0	0	0	0	0	
0.4091834	0.3024167	0.2753576	0.2584188	0.2473295	0.2251027	0.2173092	0.2152821	0.2109906	0.2087913	0.2055666	0.1986707	0.1973562	0.1963914	0.1937882	0.1925463	0.08430038	0.08142097	0.04962439	0.04645526	0.0422588	0.04069179	0.0394461	0.03911698	0.03843075	0.03824486	0.02448015	0.01518503	0.01142772	0.006345334	0	0	0	0	0	0	0	0	0	0	0	
0.4091834	0.3024167	0.2753576	0.2584188	0.2473295	0.2251027	0.2173092	0.2152821	0.2109906	0.2087913	0.2055666	0.1986707	0.1973562	0.1963914	0.1937882	0.1292377	0.07280041	0.05969207	0.05698213	0.0531268	0.04705423	0.04230503	0.04027627	0.03893176	0.03832088	0.03295891	0.0304415	0.02736154	0.01295128	0.011328	0	0	0	0	0	0	0	0	0	0	0	
0.4091834	0.3024167	0.2753576	0.2584188	0.2473295	0.2251027	0.2173092	0.2152821	0.2109906	0.2087913	0.2055666	0.1986707	0.1973562	0.1963914	0.1937882	0.1505714	0.04815174	0.04165291	0.0370921	0.02789421	0.02350839	0.0180829	0.01681619	0.01546242	0.01372418	0.00961901	0.007257275	0	0	0	0	0	0	0	0	0	0	0	0	0	0	
0.4091834	0.3024167	0.2753576	0.2584188	0.2473295	0.2251027	0.2173092	0.2152821	0.2109906	0.2087913	0.2055666	0.1986707	0.1973562	0.1963914	0.1937882	0.1350502	0.07920513	0.07161048	0.07120007	0.05399288	0.05376677	0.05087261	0.04962341	0.04428237	0.03760106	0.03675577	0.03614338	0.02858237	0.02703043	0.02661415	0.02575895	0.02448665	0	0	0	0	0	0	0	0	0	
0.4091834	0.3024167	0.2753576	0.2584188	0.2473295	0.2251027	0.2173092	0.2152821	0.2109906	0.2087913	0.2055666	0.1986707	0.1973562	0.1963914	0.1937882	0.06005205	0.05426279	0.04813595	0.04549695	0.04462486	0.04400581	0.03967177	0.03926888	0.03752716	0.03627608	0.03490084	0.031884	0.02658143	0.01674624	0.01211851	0.008777947	0	0	0	0	0	0	0	0	0	0	
0.4091834	0.3024167	0.2753576	0.2584188	0.2473295	0.2251027	0.2173092	0.2152821	0.2109906	0.2087913	0.2055666	0.2028556	0.1986707	0.1973562	0.1963914	0.1937882	0.07315658	0.05642941	0.0487461	0.04514102	0.04490079	0.04228799	0.0388901	0.01877004	0.01802192	0.01648433	0.009709837	0.003522884	0	0	0	0	0	0	0	0	0	0	0	0	0	
0.4091834	0.3892743	0.3163681	0.3024167	0.2753576	0.2584188	0.2473295	0.2251027	0.2173092	0.2152821	0.2109906	0.2087913	0.2055666	0.2028556	0.1986707	0.1973562	0.1963914	0.1072762	0.07856862	0.05410589	0.04902551	0.04726455	0.04269036	0.03784742	0.03343838	0.03000064	0.01989451	0.01403452	0.01346159	0.01285163	0.005123811	0	0	0	0	0	0	0	0	0	0	
0.4091834	0.3892743	0.3163681	0.3024167	0.2753576	0.2584188	0.2473295	0.2251027	0.2173092	0.2152821	0.2109906	0.2087913	0.2055666	0.2028556	0.1986707	0.04875997	0.04712883	0.0398284	0.03459339	0.0342529	0.03190978	0.03132456	0.03097664	0.02760713	0.02642637	0.01638069	0.01271936	0.01166183	0	0	0	0	0	0	0	0	0	0	0	0	0	
0.4091834	0.3892743	0.3163681	0.3024167	0.2753576	0.2584188	0.2473295	0.2251027	0.2173092	0.2152821	0.2109906	0.2087913	0.2055666	0.2028556	0.1986707	0.09237356	0.08483841	0.07102183	0.06870212	0.04952294	0.04142747	0.03607678	0.03091783	0.02881077	0.02723642	0.02617011	0.02267767	0.01898004	0.007049996	0.001785212	0	0	0	0	0	0	0	0	0	0	0	
0.4091834	0.3892743	0.3163681	0.3024167	0.2753576	0.2584188	0.2473295	0.238903	0.2251027	0.2173092	0.2152821	0.2109906	0.2087913	0.2055666	0.2028556	0.1986707	0.1972722	0.1385691	0.07290543	0.05674478	0.05148387	0.05135799	0.04163397	0.03808372	0.02908059	0.02564523	0.02278804	0.01417621	0.01388898	0.01070566	0.005080002	0	0	0	0	0	0	0	0	0	0	
0.4091834	0.3892743	0.3163681	0.3024167	0.2753576	0.2584188	0.2473295	0.238903	0.2251027	0.2173092	0.2152821	0.2109906	0.2087913	0.2055666	0.2028556	0.1207492	0.09116773	0.05272194	0.04818697	0.0469729	0.04435591	0.04106447	0.035954	0.02781857	0.0265759	0.02236301	0.01860293	0.01548913	0.0133979	0.01069837	0.007094637	0	0	0	0	0	0	0	0	0	0	
0.4091834	0.3892743	0.3163681	0.3024167	0.2753576	0.2584188	0.2473295	0.238903	0.2251027	0.2173092	0.2152821	0.2109906	0.2087913	0.2055666	0.2028556	0.1500542	0.1148674	0.0574422	0.05045231	0.04944975	0.04885455	0.04407779	0.04116918	0.03672406	0.03514019	0.03137683	0.02932365	0.02873996	0.01882239	0.01735104	0	0	0	0	0	0	0	0	0	0	0	
0.4091834	0.3892743	0.3163681	0.3024167	0.2753576	0.2584188	0.2473295	0.238903	0.2251027	0.2173092	0.2152821	0.2109906	0.2087913	0.2055666	0.2028556	0.1520511	0.07524712	0.06666084	0.06002698	0.05710274	0.05174701	0.05104128	0.04803169	0.04560112	0.04353838	0.04161264	0.03877769	0.03813876	0.02789592	0.02472189	0.02453051	0.01641539	0.01250594	0.007688794	0.005844114	0	0	0	0	0	0	
0.4091834	0.3892743	0.3163681	0.3024167	0.2753576	0.2584188	0.2473295	0.238903	0.2251027	0.2173092	0.2152821	0.2109906	0.2087913	0.2055666	0.2028556	0.1451675	0.1440462	0.09654491	0.06400487	0.05654125	0.04905181	0.04232714	0.04041661	0.03942094	0.03934547	0.03764232	0.03224006	0.02883595	0.01262929	0.009885054	0.009833475	0.005456064	0	0	0	0	0	0	0	0	0	
0.4091834	0.3892743	0.3163681	0.3024167	0.2753576	0.2584188	0.2473295	0.238903	0.2251027	0.2173092	0.2152821	0.2109906	0.2087913	0.2055666	0.2028556	0.1785073	0.08601224	0.07982252	0.05720336	0.05402098	0.04712071	0.04479823	0.03818176	0.0271079	0.02495358	0.02273496	0.01242811	0.006226146	0	0	0	0	0	0	0	0	0	0	0	0	0	
0.4091834	0.3892743	0.3163681	0.3024167	0.2753576	0.2584188	0.2473295	0.238903	0.2251027	0.2173092	0.2152821	0.2109906	0.2087913	0.2055666	0.2028556	0.1281732	0.1122993	0.06132409	0.0566588	0.05530313	0.05117635	0.05054179	0.04191752	0.040413	0.03886689	0.03796938	0.03655737	0.02745034	0.02528134	0.01988283	0.01896522	0.01127884	0.006415888	0	0	0	0	0	0	0	0	
0.4091834	0.3892743	0.3163681	0.3097346	0.3024167	0.2753576	0.2584188	0.2473295	0.238903	0.2251027	0.2173092	0.2152821	0.2109906	0.2087913	0.2055666	0.2028556	0.1676572	0.1086439	0.07140706	0.06162391	0.05881785	0.05094015	0.04737816	0.04320551	0.04039467	0.03979499	0.03978158	0.03873358	0.03788773	0.03563584	0.01669331	0.01209795	0	0	0	0	0	0	0	0	0	
0.4091834	0.3892743	0.3163681	0.3097346	0.3024167	0.2753576	0.2584188	0.2473295	0.238903	0.2251027	0.2173092	0.2152821	0.2109906	0.2087913	0.2055666	0.1435738	0.05317096	0.05087494	0.0452628	0.04362797	0.03784977	0.03169059	0.03114145	0.0305834	0.02809281	0.02805098	0.02565831	0.02094468	0.0205475	0.01965256	0.01514653	0.01297715	0	0	0	0	0	0	0	0	0	
0.4091834	0.3892743	0.3163681	0.3097346	0.3024167	0.2753576	0.2584188	0.2473295	0.238903	0.2366108	0.2251027	0.2173092	0.2152821	0.2109906	0.2087913	0.2055666	0.137619	0.08511046	0.08214154	0.07063657	0.05289234	0.04902881	0.04675579	0.03981787	0.03493761	0.03451434	0.03258183	0.03186651	0.03082782	0.02991778	0.02352943	0.0214729	0.02106854	0	0	0	0	0	0	0	0	
0.4091834	0.3892743	0.3163681	0.3097346	0.3024167	0.2753576	0.2584188	0.2473295	0.238903	0.2366108	0.2251027	0.2173092	0.2152821	0.2109906	0.2087913	0.1215521	0.06728805	0.06356944	0.05780628	0.04870576	0.04854654	0.04728336	0.04498113	0.04453543	0.04246152	0.04141178	0.04050292	0.03388539	0.03245413	0.02863471	0.02437026	0.01406024	0.005428155	0	0	0	0	0	0	0	0	
0.4091834	0.3892743	0.3163681	0.3097346	0.3024167	0.2753576	0.2584188	0.2473295	0.238903	0.2366108	0.2329275	0.2251027	0.2173092	0.2152821	0.2109906	0.2087913	0.0848847	0.07738548	0.06501239	0.06484136	0.04614703	0.04347447	0.04230082	0.04161624	0.02664686	0.02594327	0.02545181	0.01377488	0.01052377	0	0	0	0	0	0	0	0	0	0	0	0	
0.4091834	0.3892743	0.3163681	0.3097346	0.3024167	0.2753576	0.2584188	0.2473295	0.238903	0.2366108	0.2329275	0.2251027	0.2173092	0.2152821	0.2109906	0.2061495	0.1768659	0.09946793	0.09056705	0.05272	0.04477615	0.04359379	0.04241254	0.03982614	0.03813311	0.02826916	0.0265218	0.02597752	0.02397717	0.02226929	0.0217826	0.02077602	0.01936799	0	0	0	0	0	0	0	0	
0.4091834	0.3892743	0.3163681	0.3097346	0.3024167	0.2753576	0.2584188	0.2473295	0.238903	0.2366108	0.2329275	0.2251027	0.2173092	0.2152821	0.2109906	0.1338227	0.08510265	0.06783666	0.06344478	0.06279639	0.06157769	0.06004374	0.05843587	0.05800629	0.05010852	0.04909922	0.0481029	0.04282818	0.04248776	0.03523052	0.0334434	0.0315858	0.02883515	0.02179941	0.02101434	0	0	0	0	0	0	
0.4091834	0.3892743	0.3163681	0.3097346	0.3024167	0.2753576	0.2584188	0.2473295	0.238903	0.2366108	0.2329275	0.2251027	0.2173092	0.2152821	0.2109906	0.07640148	0.0736106	0.06447625	0.06015024	0.05124174	0.04951296	0.04679643	0.04542772	0.03719656	0.03559704	0.02836267	0.01575679	0.01105468	0.01025298	0	0	0	0	0	0	0	0	0	0	0	0	
0.4091834	0.3892743	0.3163681	0.3097346	0.3024167	0.2753576	0.2584188	0.2473295	0.2458512	0.238903	0.2366108	0.2329275	0.2251027	0.2173092	0.2152821	0.2109906	0.1448911	0.1180084	0.1098903	0.04831118	0.04158998	0.03440837	0.03364322	0.03311484	0.03247331	0.03033474	0.02953948	0.0215488	0.02086957	0.01682334	0.01678521	0.01304951	0.007083852	0	0	0	0	0	0	0	0	
0.4091834	0.3892743	0.3163681	0.3097346	0.3024167	0.2753576	0.2584188	0.2473295	0.2458512	0.238903	0.2366108	0.2329275	0.2251027	0.2173092	0.2152821	0.0833021	0.06758879	0.06335896	0.05289084	0.05190808	0.05165147	0.04431523	0.04043026	0.03503072	0.03404394	0.02267924	0.02027246	0.01916622	0.01888756	0.01550537	0.009433587	0.002444665	0	0	0	0	0	0	0	0	0	
0.4091834	0.3892743	0.3163681	0.3097346	0.3024167	0.2753576	0.2584188	0.2473295	0.2458512	0.238903	0.2366108	0.2329275	0.2296691	0.2251027	0.2173092	0.2152821	0.1761471	0.0804221	0.059963	0.05573678	0.05464182	0.05417871	0.05105171	0.0409586	0.03877297	0.03385825	0.0288496	0.02831063	0.02827767	0.02808753	0.01260849	0	0	0	0	0	0	0	0	0	0	
0.4091834	0.3892743	0.3163681	0.3097346	0.3024167	0.2753576	0.2584188	0.2473295	0.2458512	0.238903	0.2387001	0.2366108	0.2329275	0.2296691	0.2251027	0.2173092	0.1798496	0.1363287	0.08171916	0.06086198	0.05564488	0.05368091	0.0520982	0.0499141	0.04915509	0.04033073	0.03872612	0.0356605	0.03442832	0.02866191	0.02347016	0.01762131	0.01622277	0.004452763	0	0	0	0	0	0	0	
0.4091834	0.3892743	0.3163681	0.3097346	0.3024167	0.2753576	0.2584188	0.2473295	0.2458512	0.238903	0.2387001	0.2366108	0.2329275	0.2296691	0.2251027	0.1054341	0.08778242	0.06114723	0.05600902	0.05169698	0.04586395	0.04430826	0.04191066	0.03991443	0.03972477	0.03968547	0.03787285	0.03698811	0.03518695	0.03294292	0.03171055	0.026876	0.003990232	0	0	0	0	0	0	0	0	
0.4091834	0.3892743	0.3163681	0.3097346	0.3024167	0.2753576	0.2584188	0.2473295	0.2458512	0.238903	0.2387001	0.2366108	0.2329275	0.2296691	0.2251027	0.07353047	0.07069102	0.06726284	0.06015965	0.04913086	0.04866803	0.04609964	0.04605152	0.04399266	0.04345845	0.04311691	0.03960512	0.0301366	0.02134489	0.01628714	0.01509911	0.01398247	0.01249535	0.0105872	0.009761477	0.003687108	0	0	0	0	0	
0.4091834	0.3892743	0.3469778	0.3163681	0.3097346	0.3024167	0.2753576	0.2584188	0.2473295	0.2458512	0.238903	0.2387001	0.2366108	0.2329275	0.2296691	0.2251027	0.1720866	0.07141352	0.06632962	0.05460916	0.05329248	0.05083255	0.04626738	0.04346211	0.04149389	0.03919249	0.03281617	0.03114741	0.03035769	0.02413798	0.01801305	0.0174283	0.01007284	0	0	0	0	0	0	0	0	
0.4091834	0.3892743	0.3469778	0.3163681	0.3097346	0.3024167	0.2753576	0.2584188	0.2473295	0.2458512	0.238903	0.2387001	0.2366108	0.2329275	0.2296691	0.1474127	0.1419436	0.1095385	0.05373179	0.04896232	0.04662364	0.04639445	0.03936862	0.03733583	0.03462403	0.03398648	0.02205087	0.0180806	0.01676609	0.01495544	0.01417431	0.002678562	0	0	0	0	0	0	0	0	0	
0.4091834	0.3892743	0.3469778	0.3163681	0.3097346	0.3024167	0.2753576	0.2584188	0.2473295	0.2458512	0.238903	0.2387001	0.2366108	0.2329275	0.2296691	0.1541778	0.08929083	0.08458586	0.0573953	0.05356509	0.04891471	0.04729373	0.0471249	0.04544776	0.04338119	0.03980361	0.03727613	0.03166042	0.02601223	0.02452589	0.01746267	0.007779866	0	0	0	0	0	0	0	0	0	
0.4091834	0.3892743	0.3469778	0.3163681	0.3097346	0.3024167	0.2753576	0.2584188	0.2473295	0.2458512	0.238903	0.2387001	0.2366108	0.2329275	0.2296691	0.1420628	0.1056366	0.09004754	0.0683004	0.06307582	0.05784533	0.05168419	0.05084889	0.04908013	0.04073079	0.03350529	0.03332707	0.02443778	0.023183	0.01708204	0.01499702	0.006480737	0.00124039	0	0	0	0	0	0	0	0	
0.4333563	0.4091834	0.3892743	0.3469778	0.3457007	0.3163681	0.3097346	0.3024167	0.2753576	0.2584188	0.2473295	0.2458512	0.238903	0.2387001	0.2366108	0.2329275	0.2296691	0.1137538	0.10844	0.07836167	0.07796171	0.07458773	0.07237351	0.05301758	0.050539	0.03724659	0.032033	0.0308749	0.0280168	0.0262869	0.02364498	0.01725599	0.01491151	0.01264869	0	0	0	0	0	0	0	
0.4333563	0.4091834	0.3892743	0.3469778	0.3457007	0.3163681	0.3097346	0.3024167	0.2753576	0.2584188	0.2473295	0.2458512	0.238903	0.2387001	0.2366108	0.1524249	0.08085882	0.07487739	0.06141016	0.0614069	0.05369129	0.0448219	0.04461272	0.04041573	0.03420446	0.03224646	0.02580667	0.02204353	0.01813901	0.01553201	0.01174978	0.01089504	0.001787095	0	0	0	0	0	0	0	0	
0.4333563	0.4091834	0.3892743	0.3469778	0.3457007	0.3163681	0.3097346	0.3024167	0.2753576	0.2584188	0.2473295	0.2458512	0.238903	0.2387001	0.2366108	0.1214771	0.09748089	0.05901103	0.05803737	0.0510016	0.05026606	0.04773204	0.04239663	0.03958033	0.03801433	0.03524785	0.03483424	0.03452276	0.03437759	0.02131948	0.02102913	0.02081627	0.004810453	0	0	0	0	0	0	0	0	
0.4333563	0.4091834	0.3892743	0.3469778	0.3457007	0.3163681	0.3097346	0.3024167	0.2753576	0.2584188	0.2478533	0.2473295	0.2458512	0.238903	0.2387001	0.2366108	0.09380461	0.05382876	0.0537057	0.05142348	0.04707826	0.04161198	0.0377275	0.03541043	0.03476612	0.03237998	0.03194411	0.02684367	0.02662731	0.02579641	0.0223803	0.02104802	0.01650152	0.005553489	0	0	0	0	0	0	0	
0.4333563	0.4091834	0.3892743	0.3469778	0.3457007	0.3310969	0.3163681	0.3097346	0.3024167	0.2753576	0.2584188	0.2478533	0.2473295	0.2458512	0.238903	0.2387001	0.1735331	0.127629	0.1049672	0.08541042	0.07647171	0.05037076	0.03699702	0.03632859	0.03262377	0.03030135	0.02996225	0.02960066	0.02928817	0.02203422	0.02099422	0.02014431	0.01991907	0.01507871	0	0	0	0	0	0	0	
0.4333563	0.4091834	0.3892743	0.3469778	0.3457007	0.3310969	0.3163681	0.3097346	0.3024167	0.2753576	0.2584188	0.2478533	0.2473295	0.2458512	0.238903	0.168005	0.06599487	0.06157722	0.06106402	0.05911154	0.05767437	0.05607755	0.04147208	0.04015817	0.03197278	0.01879495	0.01746572	0.01410703	0	0	0	0	0	0	0	0	0	0	0	0	0	
0.4333563	0.4091834	0.3892743	0.3469778	0.3457007	0.3310969	0.3163681	0.3097346	0.3024167	0.2753576	0.2584188	0.2478533	0.2473295	0.2458512	0.238903	0.1500043	0.05064428	0.04926471	0.04770739	0.04403868	0.04266527	0.04147219	0.03671955	0.03313455	0.03237681	0.02996303	0.02839618	0.01355136	0.01110075	0.002731551	0	0	0	0	0	0	0	0	0	0	0	
0.4333563	0.4091834	0.3892743	0.3469778	0.3457007	0.3310969	0.3163681	0.3097346	0.3024167	0.2753576	0.2584188	0.2478533	0.2473295	0.2458512	0.238903	0.2204468	0.08350731	0.07436839	0.05599362	0.0537729	0.05002546	0.0498314	0.04405028	0.03929762	0.03909653	0.03570593	0.03546551	0.0297866	0.02968127	0.02928908	0.02650115	0.02528369	0.02481012	0.0231493	0.01715085	0.01083815	0.008934032	0	0	0	0	
0.4333563	0.4091834	0.3892743	0.3469778	0.3457007	0.3310969	0.3163681	0.3097346	0.3024167	0.2753576	0.2584188	0.2478533	0.2473295	0.2458512	0.238903	0.2004009	0.1247794	0.1048311	0.09939144	0.06100079	0.0479874	0.04739692	0.04237973	0.03871118	0.03652157	0.03532925	0.0270301	0.02681896	0.02518607	0.02052908	0.01746875	0.01665639	0.01578431	0.007758633	0	0	0	0	0	0	0	
0.4333563	0.4091834	0.3892743	0.3469778	0.3457007	0.3310969	0.3163681	0.3097346	0.3024167	0.2753576	0.2584188	0.2478533	0.2473295	0.2458512	0.238903	0.08683753	0.06146542	0.06012083	0.05427006	0.04764683	0.04509624	0.04305516	0.03022429	0.02934359	0.02883249	0.02576849	0.02253312	0.02151391	0.02026725	0.01253259	0.002409319	0.001833338	0	0	0	0	0	0	0	0	0	
0.4333563	0.4091834	0.3892743	0.3469778	0.3457007	0.3310969	0.3163681	0.3097346	0.3024167	0.2753576	0.2584188	0.2478533	0.2473295	0.2458512	0.238903	0.1267712	0.08075882	0.06190366	0.0540153	0.04783474	0.04509806	0.04470581	0.04077148	0.04004416	0.03942937	0.0306044	0.02724579	0.02296606	0.0227854	0.02077897	0.01817822	0.01609978	0	0	0	0	0	0	0	0	0	
0.4333563	0.4091834	0.3892743	0.3469778	0.3457007	0.3310969	0.3163681	0.3097346	0.3024167	0.2753576	0.2584188	0.2478533	0.2473295	0.2458512	0.238903	0.07808559	0.06409725	0.05436857	0.05010784	0.04757335	0.04620189	0.04616743	0.04525051	0.03945114	0.0392811	0.03838446	0.03784071	0.01781139	0	0	0	0	0	0	0	0	0	0	0	0	0	
0.4333563	0.4091834	0.3892743	0.3469778	0.3457007	0.3310969	0.3163681	0.3097346	0.3024167	0.2753576	0.2584188	0.2478533	0.2473295	0.2458512	0.238903	0.1958772	0.07217335	0.06045356	0.05821144	0.05700087	0.05389988	0.05050917	0.04378218	0.04302657	0.04102889	0.04025776	0.02453415	0.02045713	0.01506863	0.008566009	0.004368812	0.001191018	0	0	0	0	0	0	0	0	0	
0.4333563	0.4091834	0.3892743	0.3469778	0.3457007	0.3310969	0.3163681	0.3097346	0.3024167	0.2753576	0.2584188	0.2478533	0.2473295	0.2458512	0.238903	0.2273237	0.1373669	0.13038	0.04575807	0.04358873	0.04294778	0.03854996	0.03696016	0.03530053	0.03367209	0.02777852	0.02713689	0.02583029	0.02512638	0.02489346	0.02294131	0.0212664	0.02076527	0	0	0	0	0	0	0	0	
0.4333563	0.4091834	0.3892743	0.3469778	0.3457007	0.3310969	0.3163681	0.3097346	0.3024167	0.2753576	0.2584188	0.2478533	0.2473295	0.2458512	0.238903	0.08111581	0.07634759	0.07448431	0.0536847	0.04827685	0.04455231	0.04097248	0.03999997	0.03342596	0.02501317	0.02326502	0.01743939	0.01302005	0.00752964	0	0	0	0	0	0	0	0	0	0	0	0	
0.4333563	0.4091834	0.3892743	0.3469778	0.3457007	0.3310969	0.3163681	0.3097346	0.3024167	0.2753576	0.2584188	0.2478533	0.2473295	0.2458512	0.238903	0.2200024	0.1575742	0.1033338	0.07013771	0.06885046	0.06294633	0.06035034	0.05864004	0.05265201	0.05152318	0.04939141	0.04348483	0.04172535	0.04055636	0.03392806	0.03159242	0.0297752	0.02343121	0.01900609	0.007808733	0	0	0	0	0	0	
0.4333563	0.4091834	0.3892743	0.3469778	0.3457007	0.3310969	0.3163681	0.3097346	0.3024167	0.2753576	0.2584188	0.2478533	0.2473295	0.2458512	0.238903	0.09842157	0.0665263	0.06574474	0.05577083	0.05168219	0.051651	0.05059055	0.04501704	0.04499146	0.04394851	0.04033321	0.03903995	0.03706934	0.03135018	0.0257018	0	0	0	0	0	0	0	0	0	0	0	
0.4333563	0.4091834	0.3892743	0.3469778	0.3457007	0.3366619	0.3310969	0.3163681	0.3097346	0.3024167	0.2753576	0.2584188	0.2478533	0.2473295	0.2458512	0.2456532	0.238903	0.1499609	0.06667539	0.05949778	0.05888609	0.05887354	0.05095018	0.04639748	0.04478621	0.04105058	0.0403287	0.03927562	0.0346575	0.02093198	0.01922005	0.01842512	0.00857136	0	0	0	0	0	0	0	0	
0.4333563	0.4091834	0.3892743	0.3469778	0.3457007	0.3366619	0.3310969	0.3163681	0.3097346	0.3024167	0.2753576	0.2584188	0.2478533	0.2473295	0.2458512	0.1075987	0.08812496	0.07250326	0.06360474	0.0621096	0.05561934	0.05072628	0.04852251	0.0473963	0.04236294	0.03833012	0.03604718	0.01552165	0	0	0	0	0	0	0	0	0	0	0	0	0	
0.4333563	0.4091834	0.3892743	0.3469778	0.3457007	0.3366619	0.3310969	0.3163681	0.3097346	0.3024167	0.2753576	0.2584188	0.2478533	0.2473295	0.2458512	0.1763105	0.1723625	0.1245199	0.1142858	0.07196797	0.05997051	0.0561221	0.05431248	0.05238648	0.05169611	0.04570025	0.03935141	0.03363477	0.02994239	0.02386988	0	0	0	0	0	0	0	0	0	0	0	
0.4333563	0.4091834	0.3892743	0.3469778	0.3457007	0.3366619	0.3310969	0.3163681	0.3097346	0.3024167	0.2753576	0.2584188	0.2478533	0.2473295	0.2458512	0.1991461	0.09435818	0.06891337	0.06712648	0.05580575	0.046247	0.0457519	0.04501401	0.03704659	0.03514816	0.03411481	0.03177712	0.02542899	0.02048639	0.01798856	0.01797351	0.01531333	0.01322724	0.00626849	0	0	0	0	0	0	0	
0.4333563	0.4091834	0.3892743	0.3469778	0.3457007	0.3366619	0.3310969	0.3163681	0.3097346	0.3024167	0.2802218	0.2753576	0.2584188	0.2478533	0.2473295	0.2458512	0.105242	0.08181632	0.07969982	0.06857152	0.05168024	0.03890433	0.03641525	0.03631948	0.03487995	0.03407054	0.02908392	0.02670103	0.02618928	0.02154735	0.02034821	0.01621785	0.01241836	0	0	0	0	0	0	0	0	
0.4333563	0.4091834	0.3892743	0.3469778	0.3457007	0.3366619	0.3310969	0.3163681	0.3097346	0.3024167	0.2802218	0.2753576	0.2584188	0.2478533	0.2473295	0.1670313	0.1286341	0.05501302	0.05420684	0.05394139	0.05391733	0.05333984	0.04729877	0.04472807	0.04373669	0.04167067	0.03966572	0.03664364	0.0353008	0.02645816	0.02530977	0.02285432	0.02037642	0.02024456	0	0	0	0	0	0	0	
0.4333563	0.4091834	0.3892743	0.3469778	0.3457007	0.3366619	0.3310969	0.3163681	0.3097346	0.3024167	0.2802218	0.2753576	0.2584188	0.2478533	0.2473295	0.1870466	0.08828556	0.0841157	0.06395534	0.06368804	0.06252618	0.06124755	0.05499795	0.04508279	0.03901703	0.0359152	0.02436903	0.01914484	0.01754002	0.01522029	0.01011848	0	0	0	0	0	0	0	0	0	0	
0.4333563	0.4091834	0.3892743	0.3469778	0.3457007	0.3366619	0.3310969	0.3163681	0.3097346	0.3024167	0.2802218	0.2753576	0.2584188	0.2478533	0.2473295	0.1589082	0.1503017	0.1062139	0.07399411	0.06863911	0.05917577	0.0560123	0.04583049	0.03865964	0.03860893	0.03713849	0.03408374	0.03326482	0.03013638	0.0287318	0.02556796	0.01226284	0.01103554	0	0	0	0	0	0	0	0	
0.4333563	0.4091834	0.3892743	0.3469778	0.3457007	0.3366619	0.3310969	0.3163681	0.3097346	0.3024167	0.2802218	0.2753576	0.2584188	0.2478533	0.2473295	0.06752729	0.06461813	0.05846955	0.04857719	0.04778661	0.04770688	0.04654278	0.04606626	0.04424093	0.04098456	0.04078899	0.03601407	0.03307853	0.03203527	0.02959525	0.02520997	1.185757E-05	0	0	0	0	0	0	0	0	0	
0.4333563	0.4091834	0.3892743	0.3469778	0.3457007	0.3366619	0.3310969	0.3163681	0.3097346	0.3024167	0.2802218	0.2753576	0.2584188	0.2478533	0.2473295	0.2218972	0.09289458	0.05122904	0.05007484	0.04952784	0.04835389	0.04377188	0.04310134	0.03978371	0.03796551	0.03533579	0.03304436	0.03139488	0.03061044	0.02703778	0.01281525	0.00970337	0	0	0	0	0	0	0	0	0	
0.4333563	0.4091834	0.3892743	0.3469778	0.3457007	0.3366619	0.3310969	0.3163681	0.3097346	0.3024167	0.2802218	0.2753576	0.2584188	0.2478533	0.2473295	0.1685551	0.1295667	0.07140748	0.06247781	0.05727989	0.04830813	0.0461167	0.04413882	0.04256786	0.04162877	0.04143176	0.03798437	0.03635138	0.0275553	0.02628467	0.02122294	0.01649078	0	0	0	0	0	0	0	0	0	
0.4333563	0.4091834	0.3892743	0.3469778	0.3457007	0.3366619	0.3310969	0.3163681	0.3097346	0.3024167	0.2802218	0.2753576	0.2584188	0.2478533	0.2473295	0.1441391	0.1152894	0.05649385	0.05408449	0.04963882	0.0469525	0.04485042	0.04439885	0.04232882	0.04035849	0.03893708	0.03881158	0.0383433	0.03311175	0.01559987	0.01437217	0.01123724	0.004760037	0.003042511	0	0	0	0	0	0	0	
0.4333563	0.4091834	0.3892743	0.3469778	0.3457007	0.3366619	0.3310969	0.3163681	0.3097346	0.3024167	0.2802218	0.2777806	0.2753576	0.2584188	0.2478533	0.2473295	0.1030305	0.07693743	0.07016877	0.05261278	0.04796669	0.04474013	0.04372126	0.0425445	0.04245168	0.03810608	0.03462402	0.02710449	0.02348014	0	0	0	0	0	0	0	0	0	0	0	0	
0.4333563	0.4091834	0.3892743	0.3469778	0.3457007	0.3366619	0.3310969	0.3163681	0.3097346	0.3024167	0.2802218	0.2777806	0.2753576	0.2584188	0.2478533	0.06706859	0.05711716	0.05206142	0.05107931	0.04782582	0.04653971	0.04622682	0.04385591	0.04263484	0.04048779	0.03214908	0.02014688	0.01492807	0.01304739	0	0	0	0	0	0	0	0	0	0	0	0	
0.4333563	0.4091834	0.3892743	0.3469778	0.3457007	0.3366619	0.3310969	0.3163681	0.3097346	0.3024167	0.2839612	0.2802218	0.2777806	0.2753576	0.2584188	0.2478533	0.2024204	0.06548013	0.04888107	0.04644216	0.044659	0.04191967	0.03992621	0.03553941	0.03495702	0.03106028	0.03048695	0.0287465	0.02400929	0.02146675	0.01773603	0.01742553	0.01736352	0.0132142	0	0	0	0	0	0	0	
0.4333563	0.4091834	0.3892743	0.3469778	0.3457007	0.3366619	0.3310969	0.3163681	0.3097346	0.3024167	0.2839612	0.2802218	0.2777806	0.2753576	0.2584188	0.1893321	0.1036738	0.08016863	0.07161935	0.07018801	0.05610802	0.05429633	0.05024135	0.04573323	0.04124323	0.04036118	0.03754225	0.02900645	0.02876592	0.02332392	0.01891832	0.0138535	0.01323287	0.01195497	0	0	0	0	0	0	0	
0.4333563	0.4091834	0.3892743	0.3469778	0.3457007	0.3366619	0.3310969	0.3163681	0.3097346	0.3024167	0.2839612	0.2802218	0.2777806	0.2753576	0.2720578	0.2584188	0.1204841	0.0877488	0.07974194	0.05965194	0.05684344	0.0537458	0.04967959	0.04458707	0.04433111	0.0393195	0.03546891	0.0344197	0.03200095	0.02926179	0.02844273	0.02738759	0.02000741	0.01902778	0	0	0	0	0	0	0	
0.4333563	0.4091834	0.3892743	0.3469778	0.3457007	0.3366619	0.3310969	0.3163681	0.3097346	0.3024167	0.2839612	0.2802218	0.2777806	0.2753576	0.2720578	0.1849469	0.1533172	0.10509	0.09937756	0.08365794	0.06180734	0.05911208	0.05903095	0.05362604	0.04904609	0.04275808	0.0408442	0.03664129	0.02892872	0.02857614	0.02621088	0.01824939	0	0	0	0	0	0	0	0	0	
0.4333563	0.4091834	0.3892743	0.3469778	0.3457007	0.3366619	0.3310969	0.3163681	0.3097346	0.3024167	0.2839612	0.2802218	0.2777806	0.2753576	0.2720578	0.2179164	0.06793393	0.05316149	0.04913038	0.04903299	0.04423241	0.04232073	0.041691	0.04080461	0.0405943	0.03987142	0.03933658	0.02717251	0.01662244	0.01249148	0.01189061	0.009524805	0.006030161	0	0	0	0	0	0	0	0	
0.4333563	0.4091834	0.3892743	0.3469778	0.3457007	0.3366619	0.3310969	0.3163681	0.3097346	0.3024167	0.2839612	0.2802218	0.2777806	0.2753576	0.2720578	0.1329663	0.109472	0.08539003	0.06407249	0.06252366	0.05631202	0.045525	0.04412468	0.04376311	0.04367382	0.04207111	0.04017123	0.03958908	0.0329901	0.02790278	0.02500449	0.02494003	0.02425389	0.02397744	0.0233487	0.0231944	0.01272384	0	0	0	0	
0.4333563	0.4091834	0.3892743	0.3469778	0.3457007	0.3366619	0.3310969	0.3163681	0.3097346	0.3024167	0.2839612	0.2802218	0.2777806	0.2777354	0.2753576	0.2720578	0.1503266	0.123192	0.1068334	0.09951154	0.05945686	0.05440128	0.05147658	0.05066837	0.04950601	0.04269128	0.03885496	0.03410581	0.02018861	0	0	0	0	0	0	0	0	0	0	0	0	
0.4333563	0.4091834	0.3892743	0.3469778	0.3457007	0.3366619	0.3310969	0.3163681	0.3097346	0.3024167	0.2839612	0.2802218	0.2777806	0.2777354	0.2753576	0.264777	0.1157687	0.09745821	0.06322291	0.05135008	0.04794895	0.04592375	0.04420805	0.04326249	0.04257678	0.04100478	0.03804933	0.03673489	0.02657113	0.02618955	0.02561517	0.02555753	0.01618102	0.006677104	0	0	0	0	0	0	0	
0.4333563	0.4091834	0.3892743	0.3469778	0.3457007	0.3366619	0.3310969	0.3163681	0.3097346	0.3024167	0.2839612	0.2802218	0.2777806	0.2777354	0.2753576	0.07395038	0.06735722	0.06406161	0.06404921	0.06290121	0.05919175	0.05132323	0.04958585	0.0439119	0.0432238	0.04107312	0.0373698	0.03054185	0.02069183	0.01993925	0.01801799	0.01765322	0.01670191	0.01005542	0	0	0	0	0	0	0	
0.4333563	0.4091834	0.3892743	0.3606924	0.3469778	0.3457007	0.3366619	0.3310969	0.3163681	0.3097346	0.3024167	0.2839612	0.2802218	0.2777806	0.2777354	0.2753576	0.2588141	0.06522751	0.06389954	0.05043911	0.04984802	0.04827509	0.04557171	0.04552957	0.04416365	0.03982727	0.03748355	0.03535702	0.035014	0.03293279	0.02501809	0.02139278	0.01406558	0	0	0	0	0	0	0	0	
0.4333563	0.4091834	0.3892743	0.3606924	0.3469778	0.3457007	0.3366619	0.3310969	0.3163681	0.3097346	0.3024167	0.2839612	0.2835012	0.2802218	0.2777806	0.2777354	0.2477467	0.1901858	0.1494578	0.1073607	0.06512843	0.06431489	0.0470149	0.04307681	0.04184989	0.04125624	0.03720063	0.0331667	0.03068832	0.02906788	0.0207672	0.01721579	0.01539176	0.002787845	0	0	0	0	0	0	0	
0.4333563	0.4091834	0.3892743	0.3606924	0.3469778	0.3457007	0.3366619	0.3310969	0.3163681	0.3097346	0.3024167	0.2839612	0.2835012	0.2802218	0.2777806	0.1875787	0.09240697	0.08671407	0.08433487	0.0601703	0.04968046	0.04957229	0.04813247	0.04803777	0.04534613	0.04337199	0.03247211	0.03235882	0.03022477	0.02410368	0.01624441	0	0	0	0	0	0	0	0	0	0	
0.4333563	0.4091834	0.3892743	0.3606924	0.3469778	0.3457007	0.3366619	0.3310969	0.3163681	0.3097346	0.3024167	0.2839612	0.2835012	0.2802218	0.2777806	0.2399999	0.1619364	0.1287246	0.09164331	0.07223698	0.06958268	0.06312005	0.05011962	0.04276275	0.04097889	0.03992242	0.03968349	0.03478706	0.02859939	0.02323405	0.01866397	0.01354725	0.003043923	0	0	0	0	0	0	0	0	
0.4333563	0.4091834	0.3892743	0.3606924	0.3469778	0.3457007	0.3366619	0.3310969	0.3163681	0.3153205	0.3097346	0.3024167	0.2839612	0.2835012	0.2802218	0.2777806	0.09856929	0.07507778	0.06060379	0.03933837	0.03903415	0.031104	0.03067347	0.02935103	0.02343251	0.0183528	0.01533561	0.0120314	0.009679548	0.006839456	0.004771314	0.004359541	0	0	0	0	0	0	0	0	0	
0.4333563	0.4091834	0.3892743	0.3606924	0.3469778	0.3457007	0.3366619	0.3310969	0.3163681	0.3153205	0.3097346	0.3024167	0.2839612	0.2835012	0.2802218	0.06967245	0.06089251	0.05891821	0.05785789	0.04713318	0.04584033	0.0457292	0.03923752	0.0371401	0.03645447	0.0337512	0.03357626	0.03145166	0.02236769	0.01815798	0.0169156	0.003090156	0	0	0	0	0	0	0	0	0	
0.4333563	0.4091834	0.3892743	0.3606924	0.3469778	0.3457007	0.3366619	0.3310969	0.3163681	0.3153205	0.3097346	0.3024167	0.2918332	0.2839612	0.2835012	0.2802218	0.163538	0.09614608	0.08145341	0.06049961	0.04657384	0.04468974	0.04243278	0.04047446	0.03576399	0.03273914	0.02649951	0.02116516	0.02066066	0.01936999	0.01198804	0.009621029	0.005591317	0	0	0	0	0	0	0	0	
0.4333563	0.4091834	0.3892743	0.3606924	0.3474493	0.3469778	0.3457007	0.3366619	0.3310969	0.3163681	0.3153205	0.3097346	0.3024167	0.2918332	0.2839612	0.2835012	0.2292266	0.1013409	0.07411654	0.05814372	0.05196882	0.04344169	0.04012576	0.03938375	0.03605709	0.03309602	0.03063717	0.02869919	0.01971277	0.01855476	0.01790968	0.01786961	0.01743383	0.01461598	0.01440585	0.008452964	0	0	0	0	0	
0.4333563	0.4091834	0.3892743	0.3606924	0.3474493	0.3469778	0.3457007	0.3366619	0.3310969	0.3163681	0.3153205	0.3097346	0.3024167	0.2918332	0.2839612	0.1727772	0.09405734	0.07133621	0.05130295	0.04509309	0.04481374	0.04069643	0.04005058	0.03952432	0.03892824	0.03873609	0.03394563	0.03260262	0.0321529	0.03058078	0.02944687	0.02604946	0.02227828	0.02073016	0	0	0	0	0	0	0	
0.4501755	0.4333563	0.4091834	0.3892743	0.3606924	0.3474493	0.3469778	0.3457007	0.3366619	0.3310969	0.3186965	0.3163681	0.3153205	0.3097346	0.3024167	0.2918332	0.2839612	0.07255919	0.05719867	0.05021254	0.04957523	0.04768309	0.04487416	0.04459815	0.04203726	0.03990145	0.03986481	0.03626049	0.03198227	0.02567468	0.02399148	0.02273527	0.01821677	0.01677593	0.01358525	0.009807238	0	0	0	0	0	
0.4501755	0.4333563	0.4091834	0.3892743	0.3606924	0.3474493	0.3469778	0.3457007	0.3366619	0.3310969	0.3186965	0.3163681	0.3153205	0.3097346	0.3024167	0.2109134	0.1146282	0.05120272	0.04602771	0.04214587	0.03883694	0.03595707	0.033629	0.03063792	0.01741697	0.01273029	0.006350172	0	0	0	0	0	0	0	0	0	0	0	0	0	0	
0.4501755	0.4333563	0.4091834	0.3892743	0.3606924	0.3474493	0.3469778	0.3457007	0.3366619	0.3310969	0.3186965	0.3163681	0.3153205	0.3097346	0.3024167	0.2492839	0.2325409	0.1192937	0.07090011	0.06374278	0.0549797	0.05204594	0.04967699	0.04376938	0.04297841	0.0427609	0.0385899	0.03821381	0.03522019	0.03503436	0.03469217	0.02785076	0.02104711	0.0169485	0	0	0	0	0	0	0	
0.4501755	0.4333563	0.4091834	0.3892743	0.3606924	0.3474493	0.3469778	0.3457007	0.3366619	0.3310969	0.3186965	0.3163681	0.3153205	0.3097346	0.3083795	0.3024167	0.1521422	0.1338979	0.06792881	0.04770558	0.04658727	0.04584318	0.04478906	0.04246601	0.03989067	0.03598524	0.02403787	0.01669493	0.01612587	0.01212878	0.01034025	0.009076095	0.008124503	0.005461521	0.004502643	0	0	0	0	0	0	
0.4501755	0.4333563	0.4091834	0.3892743	0.3606924	0.3474493	0.3469778	0.3457007	0.3366619	0.3310969	0.3186965	0.3163681	0.3153205	0.3097346	0.3083795	0.2350245	0.1433429	0.0933008	0.08651131	0.08320267	0.07799905	0.06133727	0.05107035	0.04315943	0.03697711	0.03185039	0.03032144	0.03021104	0.02215206	0.01852369	0.001824739	0.001204125	0	0	0	0	0	0	0	0	0	
0.4501755	0.4333563	0.4091834	0.3892743	0.3606924	0.3474493	0.3469778	0.3457007	0.3366619	0.3310969	0.3186965	0.3163681	0.3153205	0.3097346	0.3083795	0.190952	0.1681471	0.1623823	0.05591865	0.04976632	0.04758405	0.0426329	0.03723501	0.03655787	0.03461108	0.03146668	0.0299874	0.02752143	0.02603154	0.02418261	0.01767507	0.008814112	2.851282E-05	0	0	0	0	0	0	0	0	
0.4501755	0.4333563	0.4091834	0.3892743	0.3606924	0.3474493	0.3469778	0.3457007	0.3366619	0.3310969	0.3186965	0.3163681	0.3153205	0.3097346	0.3083795	0.2487063	0.1630464	0.1470092	0.1240953	0.05737532	0.051975	0.04568332	0.04324734	0.03874945	0.03265656	0.02943568	0.02562856	0.02491376	0.0120523	0.009904741	0.009465881	0.002450997	0	0	0	0	0	0	0	0	0	
0.4501755	0.4333563	0.4091834	0.3892743	0.3606924	0.3474493	0.3469778	0.3457007	0.3366619	0.3310969	0.3186965	0.3163681	0.3153205	0.3097346	0.3083795	0.2707374	0.1848765	0.08446466	0.06620253	0.05294911	0.05043652	0.04746533	0.04178834	0.03606325	0.03417433	0.02745854	0.0255393	0.02426314	0.01909409	0.01803775	0	0	0	0	0	0	0	0	0	0	0	
0.4501755	0.4333563	0.4091834	0.3892743	0.3606924	0.3474493	0.3469778	0.3457007	0.3366619	0.3310969	0.3186965	0.3163681	0.3153205	0.3097346	0.3083795	0.2816979	0.2082622	0.1028622	0.06205358	0.05391623	0.05267213	0.04910509	0.04884179	0.03386853	0.03243144	0.02346142	0.02170274	0.01137195	0.004516229	0.0003985164	0	0	0	0	0	0	0	0	0	0	0	
0.4501755	0.4333563	0.4091834	0.3892743	0.3606924	0.3474493	0.3469778	0.3457007	0.3366619	0.3310969	0.3186965	0.3163681	0.3153205	0.3097346	0.3083795	0.1264438	0.06910603	0.05202256	0.04702722	0.04474912	0.04069149	0.03670757	0.03447541	0.03131977	0.01847219	0.01290519	0.00305822	0	0	0	0	0	0	0	0	0	0	0	0	0	0	
0.4501755	0.4333563	0.4091834	0.3892743	0.3606924	0.3474493	0.3469778	0.3457007	0.3366619	0.3310969	0.3186965	0.3163681	0.3153205	0.3097346	0.3083795	0.2692378	0.1651789	0.1364087	0.1128318	0.07770196	0.0564501	0.05274802	0.03987381	0.03276576	0.03253219	0.02578045	0.02142097	0.01316068	0.01051032	0	0	0	0	0	0	0	0	0	0	0	0	
0.4501755	0.4333563	0.4091834	0.3892743	0.3606924	0.3474493	0.3469778	0.3457007	0.3366619	0.3310969	0.3186965	0.3163681	0.3153205	0.3097346	0.3083795	0.2332222	0.1381091	0.07048647	0.05440394	0.04778758	0.04616017	0.04484178	0.03706252	0.0295025	0.02567188	0.02141844	0.00098217	0	0	0	0	0	0	0	0	0	0	0	0	0	0	
0.4501755	0.4333563	0.4091834	0.3892743	0.3606924	0.3474493	0.3469778	0.3457007	0.3366619	0.3322628	0.3310969	0.3186965	0.3163681	0.3153205	0.3097346	0.3083795	0.07310496	0.06204643	0.05533444	0.04955786	0.04351289	0.04309164	0.04130593	0.03039235	0.02138051	0.02116152	0.02027207	0.0122543	0.00499825	0	0	0	0	0	0	0	0	0	0	0	0	
0.4501755	0.4333563	0.4091834	0.3892743	0.3606924	0.3474493	0.3469778	0.3457007	0.3366619	0.3322628	0.3310969	0.3186965	0.3163681	0.3153205	0.3097346	0.2626485	0.2310527	0.1516727	0.096854	0.06078551	0.04847561	0.04213128	0.04211407	0.04051015	0.03877658	0.03654175	0.03060966	0.02636862	0.02286799	0.02207075	0.01523699	0.008610279	0.000226762	0	0	0	0	0	0	0	0	
0.4501755	0.4333563	0.4091834	0.3892743	0.3606924	0.3474493	0.3469778	0.3457007	0.3366619	0.3322628	0.3310969	0.3186965	0.3163681	0.3153205	0.3097346	0.0754478	0.06052483	0.05596978	0.0533368	0.04478081	0.04247839	0.0393493	0.03482743	0.0307437	0.02447491	0.02204975	0.01878149	0.01697502	0.01388794	0.01051563	0	0	0	0	0	0	0	0	0	0	0	
