Elite Size: 20, roulete size: 25, random size: 0
Mutation type: Stepy
CycleEval?: True, accelEval?: False, heightEval?: True
Funcion: Media_Partida_Classic_FaseSync_Fourier_Knee, empujon inicial: (0,0,0)
0.09194395	0.05858089	0.05676006	0.04989564	0.04357117	0.04153662	0.04038647	0.03730762	0.03630435	0.03395024	0.02694635	0.02654143	0.01919772	0.01720413	0.01284208	0.01263618	0.00759891	0.001088343	0	0	0	0	0	0	0	0	0	0	0	0	0	0	0	0	0	0	0	0	0	0	0	0	0	0	0	
0.09194395	0.06507587	0.06339271	0.05858089	0.056942	0.05676006	0.05493286	0.05247929	0.04989564	0.04357117	0.04153662	0.04038647	0.03985267	0.03730762	0.03681051	0.03649165	0.03630435	0.03400287	0.03395024	0.02833566	0.02694635	0.02654143	0.02558897	0.02404535	0.01919772	0.01720413	0.01620899	0.01284208	0.01263618	0.01148986	0.01013424	0.00759891	0.006916287	0.001780463	0.001088343	0	0	0	0	0	0	0	0	0	0	0	
0.09194395	0.06731243	0.06507587	0.06339271	0.06114637	0.05858089	0.056942	0.05676006	0.05493286	0.05391234	0.05247929	0.04989564	0.04383272	0.04357117	0.04228553	0.04170094	0.04153662	0.04038647	0.03985267	0.03730762	0.03681051	0.03649165	0.03630435	0.03486182	0.03400287	0.03395024	0.02914375	0.02833566	0.02126177	0.02016173	0.01951785	0.01747078	0.006502017	0.001053191	0	0	0	0	0	0	0	0	0	0	0	0	
0.09194395	0.06731243	0.06507587	0.06339271	0.06114637	0.05858089	0.05743682	0.056942	0.05676006	0.05543736	0.05493286	0.05391234	0.05247929	0.05115523	0.04989564	0.04663305	0.04530506	0.04383272	0.04357117	0.04228553	0.04170094	0.04153662	0.04131474	0.04100279	0.04084058	0.04038647	0.04035748	0.03985267	0.03885106	0.03730762	0.03301482	0.02377984	0.02372754	0.01493889	0.01269359	0.005019677	0.004711429	0.003029664	0.002583671	0	0	0	0	0	0	0	
0.09194395	0.06731243	0.06507587	0.06374993	0.06339271	0.06150481	0.06114637	0.06101602	0.05858089	0.05743682	0.056942	0.05676006	0.05543736	0.05493286	0.05391234	0.05247929	0.05159669	0.05115523	0.04989564	0.04981614	0.0487633	0.04663305	0.04652175	0.04530506	0.04484311	0.04383272	0.04357117	0.04273719	0.04228553	0.04176187	0.03282737	0.03241143	0.02432427	0.02099449	0.02057325	0.01413157	0.001730116	0	0	0	0	0	0	0	0	0	
0.093238	0.09194395	0.08091326	0.0750058	0.06731243	0.06507587	0.06374993	0.06339271	0.06150481	0.06136399	0.06114637	0.06101602	0.05858089	0.05743682	0.056942	0.05676006	0.05543736	0.05493286	0.05487827	0.05391234	0.05247929	0.05159669	0.05115523	0.0503406	0.04989564	0.04981614	0.04953196	0.04723701	0.04638848	0.04488898	0.0447323	0.04249561	0.04230528	0.03572185	0.032747	0.01840522	0.01811993	0.01724334	0	0	0	0	0	0	0	0	
0.09561668	0.093238	0.09194395	0.08091326	0.0750058	0.06940287	0.06731243	0.06507587	0.06374993	0.06367282	0.06339271	0.06192472	0.06150481	0.06136399	0.06114637	0.06101602	0.06023842	0.05953695	0.05858089	0.05743682	0.056942	0.05688291	0.05676006	0.0562739	0.05543736	0.05493286	0.05487827	0.05391234	0.05335224	0.04853811	0.04761504	0.04658895	0.04361859	0.04329809	0.0388384	0.03862742	0.03112785	0.02094137	0.002956094	0	0	0	0	0	0	0	
0.1564211	0.09561668	0.093238	0.09194395	0.08980537	0.08685102	0.08091326	0.08013828	0.0750058	0.06940287	0.06731243	0.06507587	0.06374993	0.06367282	0.06339271	0.06192472	0.06150481	0.06136399	0.06114637	0.06101602	0.06023842	0.05953695	0.05858089	0.0575019	0.05743682	0.05585949	0.05523733	0.05428344	0.05298841	0.05101785	0.05028877	0.04702771	0.03594214	0.0352067	0.02681185	0.02070015	0.01672918	0.01582905	0.01555984	0.01249317	0	0	0	0	0	0	
0.1564211	0.09561668	0.093238	0.09322083	0.09194395	0.08980537	0.08685102	0.08091326	0.08013828	0.0750058	0.07025632	0.06940287	0.06817903	0.06731243	0.06507587	0.06374993	0.06367282	0.06339271	0.06311814	0.06225694	0.06192472	0.06150481	0.06136399	0.06114637	0.06101602	0.05867502	0.05794906	0.04266328	0.03949189	0.03444128	0.03434086	0.02843422	0.02678681	0.0143394	0.01420346	0.01095569	0.008769229	0	0	0	0	0	0	0	0	0	
0.1564211	0.09561668	0.093238	0.09322083	0.09194395	0.08980537	0.08685102	0.08091326	0.08013828	0.0750058	0.07025632	0.06940287	0.06817903	0.06731243	0.06507587	0.06374993	0.06367282	0.06339271	0.06311814	0.06225694	0.05776106	0.05737604	0.0525262	0.05001231	0.04614487	0.04455123	0.04414409	0.04283951	0.04242707	0.03618098	0.03575214	0.0338219	0.03248854	0.02149672	0.01305994	0.008966249	0.008522077	0	0	0	0	0	0	0	0	0	
0.316256	0.2290862	0.1564211	0.09561668	0.093238	0.09322083	0.09194395	0.08980537	0.08685102	0.08091326	0.08013828	0.0750058	0.07025632	0.06977011	0.06940287	0.06817903	0.06731243	0.06507587	0.06374993	0.06367282	0.06339271	0.06311814	0.06225694	0.06143511	0.05689175	0.0484842	0.04760725	0.04601103	0.04495443	0.04265605	0.03353534	0.03276528	0.03245929	0.02438008	0.02156782	0.009575263	0.004933833	0	0	0	0	0	0	0	0	0	
0.316256	0.2290862	0.1564211	0.09561668	0.093238	0.09322083	0.09194395	0.08980537	0.08685102	0.08091326	0.08013828	0.07538206	0.0750058	0.07315012	0.07055357	0.07025632	0.06977011	0.06940287	0.06817903	0.06731243	0.06637182	0.06507587	0.06473007	0.06374993	0.06367282	0.0604803	0.054648	0.05309584	0.04661153	0.0412622	0.04074293	0.04045982	0.03322892	0.03104168	0.02095289	0.01889995	0	0	0	0	0	0	0	0	0	0	
0.316256	0.2290862	0.1564211	0.1385837	0.1327906	0.1058834	0.09561668	0.093238	0.09322083	0.09194395	0.08980537	0.08685102	0.08309806	0.08091326	0.08013828	0.07538206	0.0750058	0.07391665	0.07315012	0.07055357	0.07025632	0.07020913	0.06977011	0.06940287	0.06817903	0.06731243	0.06110585	0.05527793	0.05421149	0.04980323	0.04421611	0.04055151	0.03995063	0.03905546	0.03025029	0.02494037	0.02307773	0.01877559	0.01643725	0	0	0	0	0	0	0	
0.316256	0.2290862	0.1564211	0.1385837	0.1327906	0.1058834	0.09561668	0.093238	0.09322083	0.09194395	0.08980537	0.08685102	0.08309806	0.08091326	0.08013828	0.07984784	0.07538206	0.0750058	0.07391665	0.07315012	0.07055357	0.06357505	0.06073382	0.05784808	0.05251884	0.05082398	0.05059362	0.04260545	0.03675937	0.03483054	0.02385803	0.02157897	0.01925303	0.01270273	0.01117505	0.002926947	0	0	0	0	0	0	0	0	0	0	
0.316256	0.2290862	0.1564211	0.1385837	0.1327906	0.1063187	0.1058834	0.09854715	0.09561668	0.093238	0.09322083	0.09194395	0.08980537	0.08685102	0.08309806	0.08091326	0.08013828	0.07984784	0.07538206	0.0750058	0.07391665	0.07315012	0.06992868	0.05911857	0.05884117	0.05020165	0.04651563	0.0456776	0.0424296	0.04213092	0.03882159	0.02848536	0.023612	0.0216427	0.02087701	0.0207188	0.01731405	0	0	0	0	0	0	0	0	0	
0.316256	0.2290862	0.1564211	0.1385837	0.1327906	0.1063187	0.1058834	0.09854715	0.09561668	0.093238	0.09322083	0.09194395	0.08980537	0.08685102	0.08309806	0.08091326	0.08013828	0.07984784	0.07538206	0.0750647	0.0750058	0.07265499	0.06685919	0.06069951	0.05553973	0.05482532	0.05174391	0.04660332	0.04044556	0.03735353	0.03631586	0.03279195	0.02201448	0.01863633	0.008646988	0	0	0	0	0	0	0	0	0	0	0	
0.316256	0.2290862	0.2122267	0.1564211	0.1476064	0.1385837	0.1327906	0.1323957	0.1253719	0.1116468	0.1063187	0.1058834	0.09854715	0.09561668	0.09553389	0.09386727	0.093238	0.09322083	0.09194395	0.08980537	0.08685102	0.08309806	0.08091326	0.08013828	0.07984784	0.07538206	0.0750647	0.06322573	0.0589217	0.05734525	0.05512485	0.05508946	0.05505951	0.05309356	0.03740758	0.03412963	0.01914932	0	0	0	0	0	0	0	0	0	
0.316256	0.2290862	0.2122267	0.1564211	0.1476064	0.1404716	0.1385837	0.1327906	0.1323957	0.1253719	0.1141266	0.1116468	0.1063187	0.1058834	0.09854715	0.09561668	0.09553389	0.09386727	0.093238	0.09322083	0.09194395	0.08980537	0.08902801	0.07139975	0.06229689	0.06198673	0.06021196	0.05609111	0.0329393	0.03082045	0.02820458	0.02481215	0.02384376	0.01300484	0.007365482	0	0	0	0	0	0	0	0	0	0	0	
0.316256	0.2290862	0.2122267	0.1931358	0.1564211	0.1476064	0.1404716	0.1385837	0.1327906	0.1323957	0.1253719	0.1141266	0.1116468	0.1063187	0.1058834	0.09854715	0.09561668	0.09553389	0.09386727	0.093238	0.09322083	0.08347796	0.06151635	0.05995756	0.05606278	0.05489041	0.05162423	0.05161017	0.04731166	0.0256802	0.02301669	0.005779188	0.003402429	0	0	0	0	0	0	0	0	0	0	0	0	0	
0.3322831	0.316256	0.2290862	0.2122267	0.1931358	0.1564211	0.1476064	0.1404716	0.1385837	0.1327906	0.1323957	0.1253719	0.1141266	0.1116468	0.1063187	0.1058834	0.09854715	0.09561668	0.09553389	0.09386727	0.093238	0.07134799	0.05551547	0.05354263	0.05320873	0.05299516	0.05257502	0.04734676	0.04157844	0.03368018	0.02669316	0.02383914	0.02208568	0.02044008	0.01871044	0.01861883	0.01539166	0	0	0	0	0	0	0	0	0	
0.3322831	0.316256	0.2290862	0.2122267	0.1931358	0.1564211	0.1476064	0.1404716	0.1385837	0.1327906	0.1323957	0.1253719	0.1141266	0.1116468	0.1063187	0.1058834	0.09854715	0.09561668	0.09553389	0.09386727	0.07289933	0.06089632	0.05958881	0.05728605	0.05431575	0.05153912	0.03320763	0.0256827	0.0246942	0.01931691	0.01742325	0.01160451	0.002816499	0	0	0	0	0	0	0	0	0	0	0	0	0	
0.3322831	0.316256	0.2290862	0.2122267	0.1931358	0.1564211	0.1476064	0.1416513	0.1404716	0.1385837	0.1327906	0.1323957	0.1260712	0.1253719	0.1141266	0.1116468	0.1063187	0.1058834	0.09854715	0.09561668	0.09553389	0.09386727	0.07599417	0.07085383	0.06947935	0.06626829	0.06460426	0.06302778	0.06059907	0.06049078	0.05894552	0.04030272	0.03629961	0.03434129	0.02927358	0.02712392	0.02576484	0.01840713	0	0	0	0	0	0	0	0	
0.3322831	0.316256	0.2290862	0.2122267	0.1931358	0.1564211	0.1543164	0.1476064	0.1416513	0.1404716	0.1385837	0.1327906	0.1323957	0.1260712	0.1253719	0.1141266	0.1116468	0.1063187	0.1058834	0.09854715	0.09561668	0.08345114	0.08062608	0.063229	0.0586147	0.05362849	0.05143415	0.05127957	0.04999388	0.04950704	0.0434592	0.02331637	0.01880756	0.01845975	0.01766806	0.01576399	0	0	0	0	0	0	0	0	0	0	
0.3322831	0.316256	0.2290862	0.2122267	0.1931358	0.1564211	0.1543164	0.1476064	0.1416513	0.1404716	0.1402654	0.1385837	0.1327906	0.1323957	0.1260712	0.1253719	0.1141266	0.1117881	0.1116468	0.1063187	0.1058834	0.1055378	0.09854715	0.08204359	0.06917962	0.06249249	0.06152449	0.05940473	0.059102	0.0559999	0.05132166	0.03973114	0.03695567	0.03385047	0.03341149	0.02752368	0.01989973	0.01914509	0.01388734	0.01329719	0.006245566	0	0	0	0	0	
0.3322831	0.316256	0.2290862	0.2122267	0.1931358	0.1564211	0.1543164	0.1476064	0.147241	0.1416513	0.1404716	0.1402654	0.1385837	0.1327906	0.1323957	0.1260712	0.1253719	0.12159	0.1141266	0.1117881	0.1116468	0.1063187	0.06530823	0.06304532	0.05746041	0.05259871	0.04897629	0.04710451	0.04406489	0.04293735	0.04086453	0.03776434	0.0297506	0.02757988	0.02633846	0.02396644	0.02344394	0.01847974	0.01364911	0.001989081	0	0	0	0	0	0	
0.3322831	0.316256	0.2290862	0.2122267	0.1931358	0.1891918	0.1564211	0.1543164	0.1476064	0.147241	0.1416513	0.1404716	0.1402654	0.1385837	0.1327906	0.1323957	0.1265591	0.1260712	0.1253719	0.12159	0.1141266	0.1117881	0.09041248	0.08158951	0.07399745	0.07023502	0.06803668	0.06316481	0.06197761	0.05743993	0.05338385	0.05233608	0.04789273	0.04550733	0.04302324	0.02869411	0.02400533	0.02077495	0.01368786	0.008282137	0.006455925	0	0	0	0	0	
0.3322831	0.316256	0.2290862	0.2122267	0.1931358	0.1891918	0.1564211	0.1543164	0.1476064	0.147241	0.1416513	0.1404716	0.1402654	0.1385837	0.1327906	0.1323957	0.1265591	0.1260712	0.1253719	0.12159	0.1087082	0.09505396	0.08935861	0.06417891	0.06290016	0.06210521	0.05115116	0.05076434	0.05046241	0.04929712	0.04830461	0.04190687	0.0324696	0.02699215	0.02612682	0.02237181	0.0180035	0	0	0	0	0	0	0	0	0	
0.3322831	0.316256	0.2290862	0.2122267	0.2002376	0.1931358	0.1891918	0.1564211	0.1543164	0.1476064	0.147241	0.1416513	0.1404716	0.1402654	0.1385837	0.1327906	0.1323957	0.1265591	0.1260712	0.1253719	0.12159	0.1158901	0.0976125	0.06761835	0.05306933	0.04775552	0.04690193	0.04658071	0.0439654	0.04357732	0.0405488	0.03796468	0.0329746	0	0	0	0	0	0	0	0	0	0	0	0	0	
0.3497219	0.3322831	0.316256	0.2290862	0.2122267	0.2002376	0.1931358	0.1891918	0.1564211	0.1543164	0.1476064	0.147241	0.1426836	0.1416513	0.1404716	0.1402654	0.1385837	0.1327906	0.1323957	0.1265591	0.1260712	0.1253719	0.06483859	0.05915866	0.05867669	0.05264564	0.04846196	0.0481268	0.04776709	0.04500453	0.04376111	0.04169948	0.03455276	0.01991411	0.01915106	0.004943234	0	0	0	0	0	0	0	0	0	0	
0.3497219	0.3322831	0.316256	0.2582191	0.2290862	0.2122267	0.2002376	0.1931358	0.1891918	0.1564211	0.1543164	0.1515111	0.1476064	0.147241	0.1426836	0.1416513	0.1404716	0.1402654	0.1385837	0.1327906	0.1323957	0.1265591	0.1211303	0.1139397	0.1018208	0.07097106	0.05668749	0.05609969	0.05544763	0.05178434	0.04610976	0.04300914	0.03120439	0.0263262	0.02321663	0.0108693	0.01045028	0	0	0	0	0	0	0	0	0	
0.3497219	0.3322831	0.316256	0.2582191	0.2290862	0.2122267	0.2002376	0.1931358	0.1891918	0.1564211	0.1546763	0.1543164	0.1515111	0.1476064	0.147241	0.1426836	0.1416513	0.1404716	0.1402654	0.1385837	0.1342894	0.1327906	0.109958	0.06726173	0.06153635	0.06100047	0.05883264	0.05818605	0.05717304	0.05581406	0.05220883	0.0491522	0.04806374	0.04694232	0.04301994	0.04256978	0.02938352	0.01747883	0	0	0	0	0	0	0	0	
0.3497219	0.3322831	0.316256	0.2582191	0.2290862	0.2122267	0.2002376	0.1931358	0.1891918	0.1634443	0.1629812	0.1564211	0.1546763	0.1543164	0.1515111	0.1476064	0.147241	0.1426836	0.1416513	0.1404716	0.1402654	0.1385837	0.1353119	0.06627484	0.06025042	0.06016129	0.03074644	0.02938867	0.02800391	0.02697261	0.02692908	0.02066461	0.01469658	0.01291228	0	0	0	0	0	0	0	0	0	0	0	0	
0.3925304	0.3497219	0.3322831	0.316256	0.2582191	0.2290862	0.2122267	0.2094446	0.2002376	0.1931358	0.1891918	0.1634443	0.1629812	0.1564211	0.1546763	0.1543164	0.1515111	0.1476064	0.147241	0.1426836	0.1416513	0.1404716	0.1065422	0.1031797	0.07110418	0.06011529	0.04986781	0.04475405	0.02774301	0.02710807	0.0267931	0.02361392	0.02140344	0.02049384	0.01162753	0.006954017	0	0	0	0	0	0	0	0	0	0	
0.3925304	0.3847972	0.3497219	0.3322831	0.316256	0.2582191	0.2290862	0.2122267	0.2094446	0.2002376	0.1931358	0.1891918	0.1634443	0.1629812	0.1564211	0.1546763	0.1543164	0.1515111	0.1476064	0.147241	0.1426836	0.06933224	0.04878407	0.04856113	0.04762167	0.04697019	0.04366291	0.04201433	0.03901203	0.03771125	0.03672534	0.03577665	0.03517972	0.02927978	0.01805322	0.01009953	0	0	0	0	0	0	0	0	0	0	
0.4852839	0.3925304	0.3847972	0.3497219	0.3322831	0.316256	0.2664666	0.2582191	0.2530081	0.2290862	0.2122267	0.2094446	0.2002376	0.1931358	0.1891918	0.1634443	0.1629812	0.1564211	0.1546763	0.1543164	0.1515111	0.1476064	0.147241	0.07478131	0.06042276	0.05916476	0.05277048	0.05227919	0.05100154	0.05031543	0.0497288	0.0490119	0.0470244	0.04630853	0.02167568	0.02096259	0.01352528	0.01192562	0.01143858	0	0	0	0	0	0	0	
0.4852839	0.3925304	0.3847972	0.3497219	0.3322831	0.3228427	0.316256	0.2664666	0.2582191	0.2530081	0.2290862	0.2122267	0.2094446	0.2002376	0.1931358	0.1891918	0.1634443	0.1629812	0.1564211	0.1546763	0.1543164	0.09663294	0.07844038	0.06733178	0.05194618	0.05151122	0.04534211	0.04461307	0.03930872	0.0365385	0.03339226	0.03315368	0	0	0	0	0	0	0	0	0	0	0	0	0	0	
0.4852839	0.416023	0.3925304	0.3847972	0.3557141	0.3497219	0.3322831	0.3228427	0.316256	0.2848428	0.2664666	0.2582191	0.2530081	0.2290862	0.2122267	0.2094446	0.2002376	0.1931358	0.1891918	0.1651894	0.1634443	0.1629812	0.1564211	0.1546763	0.1111987	0.06422119	0.06043211	0.05349009	0.05302657	0.05246642	0.029285	0.02586615	0.02196932	0.02006991	0.01444942	0.01198468	0.00207564	0	0	0	0	0	0	0	0	0	
0.4852839	0.416023	0.3925304	0.3847972	0.3557141	0.3497219	0.3322831	0.3228427	0.316256	0.2848428	0.2837447	0.2773207	0.2664666	0.2582191	0.2530081	0.2290862	0.2122267	0.2094446	0.2002376	0.1931358	0.1891918	0.1651894	0.1262756	0.09215771	0.08187895	0.06764698	0.06409279	0.04742541	0.04511046	0.04355806	0.0405824	0.03493248	0.03350554	0.02669192	0.02521279	0.02056121	0.01642448	0	0	0	0	0	0	0	0	0	
0.4852839	0.416023	0.3925304	0.3847972	0.3602235	0.3557141	0.3528139	0.3497219	0.3322831	0.3228427	0.316256	0.2848428	0.2837447	0.2773207	0.2664666	0.2582191	0.2530081	0.2290862	0.2287558	0.2122267	0.2094446	0.2002376	0.1931358	0.06831922	0.0634616	0.06207502	0.05883426	0.05456096	0.05359567	0.04961312	0.04771629	0.0461891	0.04214235	0.006686282	0	0	0	0	0	0	0	0	0	0	0	0	
0.4852839	0.416023	0.4008703	0.3925304	0.3847972	0.3602235	0.3557141	0.3528139	0.3497219	0.3322831	0.3228427	0.316256	0.2848428	0.2837447	0.2773207	0.2664666	0.2582191	0.2530081	0.2290862	0.2287558	0.2122267	0.2065914	0.08807345	0.08707033	0.07855578	0.07476497	0.07051474	0.06458185	0.05734711	0.05340165	0.04850882	0.04823912	0.04628372	0.03742466	0.03702837	0.03492958	0.02379659	0.0196488	0.01433717	0	0	0	0	0	0	0	
0.4852839	0.416023	0.4008703	0.3925304	0.3847972	0.3602235	0.3557141	0.3528139	0.3497219	0.3322831	0.3228427	0.316256	0.2848428	0.2837447	0.2773207	0.2664666	0.2582191	0.2530081	0.2334653	0.2290862	0.2287558	0.2248251	0.2244487	0.06465112	0.06183743	0.05241441	0.05166786	0.04906735	0.04889691	0.04767942	0.04760073	0.04740965	0.0354258	0.02018042	0.01960794	0.01528753	0.004910728	0	0	0	0	0	0	0	0	0	
0.4852839	0.4311391	0.416023	0.4008703	0.3925304	0.3847972	0.3602235	0.3557141	0.3528139	0.3497219	0.3322831	0.3228427	0.316256	0.2928171	0.2848428	0.2837447	0.2773207	0.2664666	0.2582191	0.2530081	0.2334653	0.2290862	0.1930058	0.1830253	0.106182	0.0890733	0.06619222	0.05303815	0.05171059	0.04672201	0.04636583	0.0393	0.03674676	0.02561494	0.01737949	0.0128212	0.01100081	0.001291193	0	0	0	0	0	0	0	0	
0.4852839	0.4482691	0.4311391	0.416023	0.4008703	0.3925304	0.3847972	0.3602235	0.3557141	0.3528139	0.3497219	0.3322831	0.3228427	0.316256	0.2928171	0.2848428	0.2837447	0.2773207	0.2664666	0.2582191	0.2530081	0.2212472	0.117921	0.08337738	0.06210821	0.05746711	0.0521166	0.05063007	0.04879094	0.04679323	0.04415725	0.04071561	0.02926248	0.01942792	0.01693607	0.009231217	0.005260153	0	0	0	0	0	0	0	0	0	
0.4852839	0.4669128	0.4482691	0.4311391	0.416023	0.4008703	0.3925304	0.3847972	0.3602235	0.3557141	0.3528139	0.3497219	0.3322831	0.3228427	0.316256	0.2928171	0.2848428	0.2837447	0.2773207	0.2664666	0.2582191	0.2035666	0.1543926	0.1322948	0.09851745	0.06700092	0.06508534	0.0601217	0.05972993	0.05453021	0.05098269	0.04524986	0.03559364	0.02455008	0.01871135	0.0173127	0.01522953	0	0	0	0	0	0	0	0	0	
0.4852839	0.4669128	0.4482691	0.4311391	0.416023	0.4008703	0.3925304	0.3847972	0.3602235	0.3557141	0.3528139	0.3497219	0.3322831	0.3228427	0.316256	0.2928171	0.2893818	0.2848428	0.2837447	0.2773207	0.2664666	0.2206763	0.2131002	0.2056245	0.2003856	0.1933569	0.1870428	0.161643	0.1556217	0.1482498	0.1469475	0.1281002	0.1074499	0.05165832	0.04391012	0.04115047	0.03961935	0.02953206	0.02803215	0.02787697	0.01695475	0.01650932	0	0	0	0	
0.4852839	0.4669128	0.4482691	0.4311391	0.416023	0.4030821	0.4008703	0.3925304	0.3847972	0.3602235	0.3557141	0.3528139	0.3497219	0.3322831	0.3228427	0.316256	0.2928171	0.2893818	0.2868512	0.2848428	0.2837447	0.2773207	0.2031109	0.1263589	0.07576788	0.06955782	0.0654007	0.06241664	0.05679896	0.05576555	0.04972679	0.04748525	0.04640536	0.04421813	0.04134758	0.02390963	0.02325698	0.02049104	0	0	0	0	0	0	0	0	
0.4852839	0.4669128	0.4482691	0.4311391	0.416023	0.4030821	0.4008703	0.3925304	0.3847972	0.3602235	0.3557141	0.3528139	0.3497219	0.3322831	0.3228427	0.316256	0.2928171	0.2893818	0.2868512	0.2848428	0.2683876	0.2219456	0.2058386	0.201421	0.1827881	0.1112862	0.07382032	0.05155441	0.04985381	0.04944965	0.04539327	0.03514559	0.02748202	0.02575067	0.02381444	0.02190939	0.02028459	0.01997804	0	0	0	0	0	0	0	0	
0.4852839	0.4669128	0.4482691	0.4311391	0.416023	0.4030821	0.4008703	0.3925304	0.3847972	0.3602235	0.3557141	0.3528139	0.3497219	0.3322831	0.3228427	0.316256	0.2951748	0.2928171	0.2893818	0.2868512	0.2848428	0.2603393	0.2459914	0.1570838	0.1433852	0.1156643	0.1059387	0.06233158	0.05777521	0.04750557	0.03270955	0.0255481	0.01599719	0.01125242	0.009969589	0.001609715	0	0	0	0	0	0	0	0	0	0	
0.4852839	0.4669128	0.4482691	0.4311391	0.416023	0.4030821	0.4008703	0.3925304	0.3847972	0.3838159	0.3602235	0.3579776	0.3557141	0.3528139	0.3497219	0.3322831	0.3228427	0.316256	0.2951748	0.2928171	0.2893818	0.2868512	0.1263413	0.1154096	0.1000205	0.09256729	0.08024757	0.06861873	0.06168169	0.04925909	0.04844323	0.04367258	0.03182047	0.02733591	0.01891676	0.01022532	0.005802457	0	0	0	0	0	0	0	0	0	
0.4852839	0.4669128	0.4482691	0.4311391	0.416023	0.4030821	0.4008703	0.3925304	0.3847972	0.3838159	0.3602235	0.3579776	0.3557141	0.3528139	0.3497219	0.3322831	0.3228427	0.3187002	0.316256	0.2951748	0.2928171	0.2875852	0.2689771	0.2504351	0.1885938	0.1681007	0.1608398	0.1342009	0.1320606	0.09425359	0.06186926	0.05213541	0.04262154	0.02327148	0.01799454	0.01654987	0	0	0	0	0	0	0	0	0	0	
0.4852839	0.4669128	0.4516305	0.4482691	0.4311391	0.416023	0.4030821	0.4008703	0.3925304	0.3847972	0.3838159	0.3602235	0.3579776	0.3557141	0.3528139	0.3497219	0.3322831	0.3228427	0.3187002	0.316256	0.3049011	0.3031106	0.2951748	0.1856649	0.1275337	0.09234378	0.08744343	0.08117379	0.06169714	0.06149648	0.04919735	0.03768953	0.03492833	0.02398317	0.01123327	0	0	0	0	0	0	0	0	0	0	0	
0.4852839	0.4669128	0.4516305	0.4482691	0.4311391	0.416023	0.4030821	0.4008703	0.3925304	0.3902267	0.3847972	0.3838159	0.3602235	0.3579776	0.3557141	0.3528139	0.3497219	0.3322831	0.3228427	0.3187002	0.316256	0.2886437	0.2874912	0.268675	0.1583428	0.07660496	0.06661632	0.06527153	0.05528998	0.04480562	0.03942914	0.03327666	0.03305498	0.0294463	0.02923293	0.01393557	0	0	0	0	0	0	0	0	0	0	
0.4852839	0.4669128	0.4516305	0.4482691	0.4311391	0.416023	0.4030821	0.4008703	0.3925304	0.3902267	0.3847972	0.3838159	0.3602235	0.3579776	0.3557141	0.355331	0.3528139	0.3497219	0.3340656	0.3322831	0.3228427	0.3187002	0.2844841	0.2776512	0.2040744	0.1927514	0.1191787	0.09463464	0.0835357	0.08112691	0.07749692	0.06933273	0.06778282	0.05923643	0.04996654	0.04940788	0.02915855	0.01450034	0.0141684	0.007837741	0	0	0	0	0	0	
0.4852839	0.4669128	0.4516305	0.4482691	0.4311391	0.416023	0.4030821	0.4008703	0.3925304	0.3902267	0.3847972	0.3838159	0.3602235	0.3579776	0.3557141	0.355331	0.3528139	0.3497219	0.3340656	0.3322831	0.2550235	0.1329349	0.1176736	0.1097934	0.09419768	0.05704129	0.05307745	0.04222771	0.04035696	0.03639843	0.03515906	0.033032	0.03077421	0.02126519	0.02084483	0.0191362	0	0	0	0	0	0	0	0	0	0	
0.4852839	0.4669128	0.4516305	0.4482691	0.4311391	0.4260074	0.416023	0.4030821	0.4008703	0.3925304	0.3902267	0.3847972	0.3838159	0.3602235	0.3579776	0.3557141	0.355331	0.3528139	0.3497219	0.3489981	0.3340656	0.3322831	0.1857181	0.1583315	0.1382026	0.09564311	0.05401059	0.05348765	0.0492672	0.04507368	0.04312227	0.04254144	0.04079615	0.03505803	0.02397738	0.0180855	0.01692244	0.01155047	0.006042548	0	0	0	0	0	0	0	
0.4852839	0.4669128	0.4618801	0.4516305	0.4482691	0.4311391	0.4260074	0.416023	0.4030821	0.4008703	0.3925304	0.3902267	0.3847972	0.3838159	0.3602235	0.3579776	0.3557141	0.355331	0.3528139	0.3497219	0.3489981	0.3213275	0.3019932	0.243957	0.191791	0.1761989	0.1622588	0.08489411	0.08157793	0.06218942	0.05432343	0.05326728	0.05036683	0.04499033	0.0428513	0.04000606	0.03033108	0.008868353	0	0	0	0	0	0	0	0	
0.4852839	0.4669128	0.4618801	0.4516305	0.4482691	0.4311391	0.4260074	0.416023	0.4030821	0.4008703	0.3925304	0.3902267	0.3847972	0.3838159	0.3602235	0.3579776	0.3564737	0.3557141	0.355331	0.3528139	0.3497219	0.2684806	0.2653464	0.227899	0.1954255	0.1063094	0.08429717	0.08423086	0.05513226	0.05482528	0.0470221	0.04594427	0.04542116	0.04512091	0.04330559	0.03939038	0.02561027	0.01696633	0	0	0	0	0	0	0	0	
0.4852839	0.4669128	0.4618801	0.4516305	0.4482691	0.4311391	0.4293806	0.4260074	0.4216512	0.416023	0.4030821	0.4008703	0.3925304	0.3902267	0.3847972	0.3838159	0.3602235	0.3579776	0.3564737	0.3557141	0.355331	0.3528139	0.3215628	0.177528	0.1667114	0.1036147	0.08240739	0.05890905	0.05298537	0.05077991	0.04793446	0.0466398	0.0367977	0.02477963	0.02450402	0.02169359	0	0	0	0	0	0	0	0	0	0	
0.4852839	0.4669128	0.4618801	0.4516305	0.4482691	0.4311391	0.4293806	0.4260074	0.4216512	0.416023	0.4076316	0.4030821	0.4008703	0.3925304	0.3902267	0.3847972	0.3838159	0.3602235	0.3579776	0.3564737	0.3557141	0.3283543	0.2784767	0.2577794	0.1379863	0.1343624	0.1140205	0.09004631	0.06188242	0.05887733	0.05644018	0.05629417	0.05427082	0.04557763	0.04542622	0.03964961	0.03753934	0.02899292	0.02185988	0.02025242	0.01541285	0	0	0	0	0	
0.4852839	0.4669128	0.4618801	0.4516305	0.4482691	0.4311391	0.4293806	0.4260074	0.4216512	0.4201564	0.416023	0.4076316	0.4030821	0.4008703	0.3925304	0.3902267	0.3847972	0.3838159	0.3602235	0.3579776	0.3564737	0.2743867	0.1327655	0.0613049	0.05941027	0.05193288	0.04742379	0.03834268	0.03634416	0.03551727	0.01453218	0.001862804	0.0003665553	0	0	0	0	0	0	0	0	0	0	0	0	0	
0.4852839	0.4669128	0.4618801	0.4516305	0.4482691	0.4311391	0.4293806	0.4260074	0.4216512	0.4201564	0.416023	0.4076316	0.4030821	0.4008703	0.3925304	0.3902267	0.3891563	0.3847972	0.3838159	0.3602235	0.3579776	0.2589105	0.2468212	0.1979676	0.194649	0.1483111	0.1335826	0.1145214	0.09949914	0.09061448	0.07221052	0.06654598	0.0637873	0.05639431	0.05361862	0.05030737	0.0345809	0.0300936	0.02776876	0	0	0	0	0	0	0	
0.4852839	0.4669128	0.4618801	0.4516305	0.4482691	0.4311391	0.4293806	0.4260074	0.4216512	0.4201564	0.416023	0.4076316	0.4030821	0.4008703	0.3925304	0.3902267	0.3891563	0.3847972	0.3842969	0.3838159	0.3666998	0.3602235	0.3432615	0.3349052	0.2989195	0.2645392	0.07483248	0.05111737	0.03686669	0.02084867	0.01804214	0.01588828	0.01094675	0	0	0	0	0	0	0	0	0	0	0	0	0	
0.4852839	0.4669128	0.4618801	0.4548571	0.4516305	0.4482691	0.4311391	0.4293806	0.4260074	0.4216512	0.4201564	0.416023	0.4076316	0.4030821	0.4008703	0.3925304	0.3902267	0.3891563	0.3847972	0.3842969	0.3838159	0.3701687	0.2073924	0.1729607	0.1569527	0.1309167	0.1276978	0.1193775	0.1169856	0.08542704	0.05886268	0.05793076	0.05785448	0.04879802	0.04587485	0.04431199	0.04262525	0.03295626	0.02849926	0.01882976	0.01559837	0	0	0	0	0	
0.4852839	0.4817871	0.4669128	0.4618801	0.4548571	0.4516305	0.4482691	0.4311391	0.4293806	0.4260074	0.4216512	0.4201564	0.416023	0.4076316	0.4030821	0.4008703	0.3925304	0.3902267	0.3891563	0.3847972	0.3842969	0.2250843	0.1756212	0.1535175	0.0834197	0.06287096	0.04319663	0.04306687	0.03471645	0.03387607	0.03376741	0.02747265	0.02725987	0.02685828	0.01708007	0.01136341	0.008040416	0	0	0	0	0	0	0	0	0	
0.4852839	0.4817871	0.4669128	0.4618801	0.4548571	0.4516305	0.4482691	0.4311391	0.4293806	0.4260074	0.4216512	0.4201564	0.416023	0.4076316	0.4067474	0.4030821	0.4008703	0.3925304	0.3902267	0.3891563	0.3847972	0.09663138	0.08214314	0.06639069	0.06193495	0.06068788	0.05713239	0.0550057	0.05177587	0.05115079	0.05061756	0.04931847	0.04735305	0.03652396	0.02608684	0.02221086	0.0102387	0.005797089	0.001522649	0	0	0	0	0	0	0	
0.4852839	0.4817871	0.4669128	0.4618801	0.4548571	0.4516305	0.4482691	0.4311391	0.4293806	0.4260074	0.4216512	0.4201564	0.416023	0.4076316	0.4067474	0.4030821	0.4008703	0.3925304	0.3902267	0.3891563	0.3055712	0.2980795	0.2290919	0.1985148	0.1057133	0.09211475	0.06780869	0.0673119	0.06609938	0.05999593	0.05461533	0.0537341	0.05143362	0.03356425	0.02147985	0.01973524	0.01432371	0.003496814	0	0	0	0	0	0	0	0	
0.4852839	0.4817871	0.4669128	0.4618801	0.4548571	0.4516305	0.4482691	0.4311391	0.4293806	0.4260074	0.4216512	0.4201564	0.416023	0.4076316	0.4067474	0.4030821	0.4008703	0.3925304	0.3902267	0.3891563	0.3509758	0.3034659	0.2710024	0.253072	0.2207002	0.1643531	0.1415991	0.1400526	0.1230738	0.1155139	0.08377454	0.08156819	0.08156399	0.07603721	0.05975828	0.05933986	0.05509139	0.0377678	0.03263826	0	0	0	0	0	0	0	
0.4852839	0.4817871	0.4669128	0.4618801	0.4548571	0.4516305	0.4482691	0.4311391	0.4293806	0.4260074	0.4216512	0.4201564	0.416023	0.4076316	0.4067474	0.4030821	0.4008703	0.3925304	0.3902267	0.3891563	0.3439702	0.2135011	0.1425879	0.06008012	0.0544169	0.0476514	0.03739442	0.03695501	0.03549252	0.03326485	0.01545296	0.01079138	0.01001521	0.002154875	0.0009107598	0	0	0	0	0	0	0	0	0	0	0	
0.4852839	0.4817871	0.4669128	0.4618801	0.4548571	0.4516305	0.4482691	0.4311391	0.4293806	0.4260074	0.4216512	0.4201564	0.416023	0.4076316	0.4067474	0.4030821	0.4008703	0.3925304	0.3902267	0.3891563	0.3402741	0.3334081	0.2742716	0.2381738	0.1466478	0.1283685	0.09318617	0.04251736	0.03640637	0.03434992	0.03038167	0.02971608	0.01404489	0.009463313	0	0	0	0	0	0	0	0	0	0	0	0	
0.6143197	0.5490975	0.4852839	0.4817871	0.4669128	0.4618801	0.4548571	0.4516305	0.4482691	0.4311391	0.4293806	0.4260074	0.4216512	0.4201564	0.416023	0.4076316	0.4067474	0.4030821	0.4008703	0.3925304	0.3902267	0.3891563	0.371861	0.1895183	0.185735	0.1412019	0.1244301	0.06697258	0.06410795	0.05492669	0.05286241	0.0479281	0.0447251	0.04080877	0.03654248	0.03238928	0.02518727	0.02342988	0.01575945	0	0	0	0	0	0	0	
0.6143197	0.5490975	0.4852839	0.4817871	0.4669128	0.4618801	0.4548571	0.4516305	0.4495068	0.4482691	0.4311391	0.4293806	0.4280171	0.4260074	0.4216512	0.4201564	0.416023	0.4076316	0.4067474	0.4030821	0.4008703	0.3925304	0.2695471	0.1554087	0.06900445	0.06134922	0.05918027	0.05630457	0.0405563	0.03751547	0.03680482	0.03347358	0.02006956	0.01929284	0.01405029	0	0	0	0	0	0	0	0	0	0	0	
0.6143197	0.5490975	0.4852839	0.4817871	0.4811381	0.4669128	0.4618801	0.4548571	0.4516305	0.4495068	0.4482691	0.4431252	0.4311391	0.4293806	0.4280171	0.4260074	0.4216512	0.4201564	0.416023	0.4076316	0.4067474	0.4030821	0.3584276	0.2334092	0.2199761	0.181889	0.06779521	0.06765237	0.05427917	0.03803668	0.02529544	0.02441978	0.01131025	0.01107163	0	0	0	0	0	0	0	0	0	0	0	0	
0.6143197	0.5490975	0.4852839	0.4817871	0.4811381	0.4669128	0.4618801	0.4548571	0.4516305	0.4495068	0.4482691	0.4431252	0.4311391	0.4293806	0.4280171	0.4260074	0.4216512	0.4201564	0.416023	0.4076316	0.2908624	0.2832032	0.2451157	0.1795391	0.1115712	0.09380736	0.07039113	0.05440876	0.0517542	0.04879774	0.0388339	0.0353575	0.03430597	0.03408453	0.02876173	0.02625121	0.02273744	0	0	0	0	0	0	0	0	0	
0.6143197	0.5490975	0.4852839	0.4817871	0.4811381	0.4669128	0.4618801	0.4548571	0.4516305	0.4495068	0.4482691	0.4431252	0.4311391	0.4293806	0.4280171	0.4260074	0.4216512	0.4201564	0.416023	0.4076316	0.3373426	0.2259642	0.2075806	0.1137576	0.08772743	0.0783323	0.07654943	0.06426019	0.06231008	0.06223332	0.05808387	0.02443353	0.02231976	0.02003573	0.01743558	0.0152009	0.01285045	0.01255719	0	0	0	0	0	0	0	0	
0.6143197	0.5490975	0.5428672	0.4852839	0.4817871	0.4811381	0.4669128	0.4618801	0.4548571	0.4516305	0.4495068	0.4482691	0.4431252	0.4311391	0.4293806	0.4280171	0.4260074	0.4244372	0.4216512	0.4201564	0.416023	0.4076316	0.2976533	0.2874711	0.2292091	0.06355176	0.06296191	0.04199309	0.04135932	0.04131903	0.03988236	0.02647743	0.02455458	0.02179624	0.02144976	0.02087498	0.01384959	0	0	0	0	0	0	0	0	0	
0.6143197	0.5490975	0.5428672	0.4852839	0.4817871	0.4811381	0.4669128	0.4618801	0.4548571	0.4516305	0.4495068	0.4482691	0.4431252	0.4311391	0.4293806	0.4280171	0.4260074	0.4244372	0.4216512	0.4201564	0.4103698	0.3367905	0.3309126	0.2939511	0.265896	0.1829386	0.1612199	0.1584231	0.07448709	0.05398966	0.05187048	0.04766299	0.04748828	0.04289322	0.03385713	0	0	0	0	0	0	0	0	0	0	0	
0.6143197	0.5662514	0.5490975	0.5428672	0.4852839	0.4817871	0.4811381	0.4669128	0.4618801	0.4548571	0.4516305	0.4495068	0.4482691	0.4431252	0.4311391	0.4293806	0.4280171	0.4260074	0.4244372	0.4216512	0.4201564	0.3637193	0.3052188	0.154021	0.1059983	0.06221715	0.05640298	0.04893114	0.04460669	0.04028198	0.03260275	0.02161745	0.01921946	0.01811475	0.0176705	0.01725175	0	0	0	0	0	0	0	0	0	0	
0.6143197	0.5662514	0.5490975	0.5428672	0.4852839	0.4817871	0.4811381	0.4669128	0.4618801	0.4548571	0.4516305	0.4495068	0.4482691	0.4431252	0.4311391	0.4293806	0.4280171	0.4260074	0.4244372	0.4216512	0.2893982	0.2789236	0.2050394	0.1188374	0.1051703	0.1008474	0.07965949	0.05582312	0.05290397	0.04977592	0.04960348	0.04043632	0.03818021	0.02677426	0.01990831	0.01462632	0	0	0	0	0	0	0	0	0	0	
0.6143197	0.5662514	0.5490975	0.5428672	0.4852839	0.4817871	0.4811381	0.4669128	0.4618801	0.4548571	0.4516305	0.4495068	0.4482691	0.4431252	0.4327828	0.4311391	0.4293806	0.4280171	0.4260074	0.4244372	0.4216512	0.3531776	0.2294078	0.2200884	0.09633178	0.09066383	0.0622207	0.06044843	0.05705848	0.05696995	0.05626057	0.05561887	0.0543779	0.03775974	0.03559626	0.03263586	0.03058585	0.02607543	0.02017091	0.0121789	0	0	0	0	0	0	
0.6143197	0.5662514	0.5490975	0.5428672	0.4852839	0.4848897	0.4817871	0.4811381	0.4669128	0.4618801	0.4548571	0.4516305	0.4495068	0.4482691	0.4431252	0.4327828	0.4311391	0.4293806	0.4280171	0.4260074	0.4244372	0.3513269	0.3459328	0.2299497	0.2083967	0.1677381	0.1106284	0.06767146	0.05911893	0.05731167	0.0561791	0.05504569	0.04988853	0.04923977	0.02128442	0.01926165	0.01436794	0	0	0	0	0	0	0	0	0	
0.6143197	0.5662514	0.5490975	0.5428672	0.4852839	0.4848897	0.4817871	0.4811381	0.4669128	0.4618801	0.4548571	0.4516305	0.4495068	0.4482691	0.4431252	0.4327828	0.4311391	0.4293806	0.4280171	0.4260074	0.3675022	0.3208288	0.2203848	0.1698988	0.1179491	0.07670739	0.05604254	0.0537542	0.04930563	0.0480535	0.04739836	0.03876866	0.02554953	0.02336131	0.02314707	0.02046817	0.01661654	0	0	0	0	0	0	0	0	0	
0.6143197	0.5662514	0.5490975	0.5428672	0.4852839	0.4848897	0.4817871	0.4811381	0.4669128	0.4621085	0.4618801	0.4548571	0.4516305	0.4495068	0.4482691	0.4431252	0.4327828	0.4311391	0.4293806	0.4280171	0.4260074	0.3858258	0.3773733	0.2638502	0.1767964	0.1512205	0.09766322	0.09399939	0.0664136	0.05595905	0.05269141	0.05072602	0.04828705	0.04477625	0.0441106	0.04128167	0.02999898	0.0259735	0.0238628	0.01695338	0.01440463	0.01027838	0	0	0	0	
0.6143197	0.5662514	0.5490975	0.5428672	0.4852839	0.4848897	0.4817871	0.4811381	0.4669128	0.4621085	0.4618801	0.4548571	0.4516305	0.4495068	0.4482691	0.4431252	0.4327828	0.4311391	0.4293806	0.4280171	0.3806109	0.2846478	0.1965291	0.09388527	0.06535003	0.06024454	0.05695394	0.05318325	0.05031272	0.04120364	0.02509152	0.02261734	0.01906968	0.01017664	0.00110446	0	0	0	0	0	0	0	0	0	0	0	
0.6143197	0.5662514	0.5490975	0.5428672	0.4852839	0.4848897	0.4817871	0.4811381	0.4669128	0.4621085	0.4618801	0.4548571	0.4516305	0.4495068	0.4482691	0.4431252	0.4327828	0.4311391	0.4293806	0.4280171	0.3131111	0.2154783	0.2062871	0.1635152	0.1078359	0.08084214	0.06116938	0.06012099	0.05753641	0.05146911	0.0514456	0.04800751	0.0455572	0.02974814	0.02210852	0.0197939	0.01808323	0.01533909	0	0	0	0	0	0	0	0	
0.6143197	0.5662514	0.5490975	0.5428672	0.5170815	0.4852839	0.4848897	0.4817871	0.4811381	0.4669128	0.4621085	0.4618801	0.4548571	0.4516305	0.4495068	0.4482691	0.4431252	0.4327828	0.4311391	0.4293806	0.4280171	0.1722537	0.1453449	0.09507497	0.09102939	0.08347473	0.06720544	0.06028872	0.05779793	0.04712952	0.04398797	0.03961577	0.0322565	0.01573593	0.01503991	0	0	0	0	0	0	0	0	0	0	0	
0.6143197	0.5662514	0.5490975	0.5428672	0.5170815	0.4852839	0.4848897	0.4817871	0.4811381	0.4669128	0.4621085	0.4618801	0.4548571	0.4516305	0.4495068	0.4482691	0.4431252	0.4327828	0.4311391	0.4293806	0.13124	0.1163402	0.1079774	0.07848148	0.07205559	0.05663621	0.05527344	0.05351797	0.05271723	0.04912776	0.04351408	0.03413881	0.02679119	0.02140243	0.01974777	0.01840323	0.005450365	0	0	0	0	0	0	0	0	0	
0.6143197	0.5662514	0.5490975	0.5428672	0.5170815	0.4936486	0.4852839	0.4848897	0.4817871	0.4811381	0.4669128	0.4621085	0.4618801	0.4548571	0.4516305	0.4495068	0.4482691	0.4431252	0.4327828	0.4311391	0.4293806	0.307122	0.2944661	0.1109729	0.08443157	0.0770781	0.06663977	0.06324228	0.04423152	0.04003414	0.03607595	0.03384578	0.03192515	0.02264736	0.01343102	0.002761593	0.002020483	0	0	0	0	0	0	0	0	0	
0.6143197	0.5662514	0.5490975	0.5428672	0.5170815	0.4936486	0.4852839	0.4848897	0.4817871	0.4811381	0.4669128	0.4621085	0.4618801	0.4548571	0.4516305	0.4495068	0.4482691	0.4431252	0.4327828	0.4311391	0.4199399	0.377966	0.2072294	0.175648	0.07321303	0.07136198	0.06272033	0.05946688	0.05900492	0.04203394	0.03733834	0.02358355	0.0219226	0.01995356	0.001581185	0	0	0	0	0	0	0	0	0	0	0	
0.6143197	0.5662514	0.5576844	0.5490975	0.5428672	0.5260385	0.5170815	0.4936486	0.4852839	0.4848897	0.4817871	0.4811381	0.4669128	0.4621085	0.4618801	0.4548571	0.4516305	0.4495068	0.4482691	0.4431252	0.4327828	0.4311391	0.3525042	0.335391	0.3021357	0.2393818	0.122949	0.08784801	0.05973299	0.04857908	0.04450272	0.03883459	0.03361406	0.0323439	0.02702262	0.02525103	0.02003181	0.01970274	0.01682446	0	0	0	0	0	0	0	
0.6143197	0.5662514	0.5576844	0.5490975	0.5428672	0.5260385	0.5170815	0.4936486	0.4852839	0.4848897	0.4817871	0.4811381	0.4669128	0.4621085	0.4618801	0.4548571	0.4516305	0.4495068	0.4482691	0.4431252	0.3271337	0.2842599	0.1885534	0.08049148	0.06925954	0.05807533	0.05734412	0.05626243	0.05510606	0.0528958	0.04926864	0.04801496	0.04167315	0.03955279	0.03781433	0.02466001	0.02321929	0.01747855	0.0152225	0.003174695	0	0	0	0	0	0	
0.6143197	0.5662514	0.5576844	0.5490975	0.5428672	0.5260385	0.5170815	0.4936486	0.4867211	0.4852839	0.4848897	0.4817871	0.4811381	0.4669128	0.4621085	0.4618801	0.4548571	0.4516305	0.4495068	0.4482691	0.4431252	0.4422289	0.3990973	0.2028433	0.0659064	0.05209905	0.04311818	0.04239235	0.04179614	0.02096678	0.01843927	0.01831381	0.0159104	0.007917184	0	0	0	0	0	0	0	0	0	0	0	0	
0.6841187	0.6143197	0.5662514	0.5576844	0.5490975	0.5428672	0.5260385	0.5170815	0.4936486	0.4867211	0.4852839	0.4848897	0.4817871	0.4811381	0.4669128	0.4621085	0.4618801	0.4548571	0.4516305	0.4495068	0.4482691	0.3654793	0.2563843	0.2418554	0.2133019	0.1390212	0.1010072	0.0861928	0.06040429	0.05642144	0.04157996	0.03921158	0.03663775	0.03267058	0.02844214	0.02057852	0.01646267	0.01464979	0.01072361	0	0	0	0	0	0	0	
0.6841187	0.6143197	0.5662514	0.5576844	0.5490975	0.5428672	0.5260385	0.5170815	0.4936486	0.4867211	0.4852839	0.4848897	0.4817871	0.4811381	0.4669128	0.4621085	0.4618801	0.4548571	0.4516305	0.4495068	0.3753563	0.2896776	0.2216534	0.2128276	0.1852356	0.1323499	0.1119292	0.103514	0.07549829	0.06928873	0.06816927	0.06502263	0.05823309	0.05395843	0.04712024	0.02499618	0.01792585	0.0008738032	0	0	0	0	0	0	0	0	
0.6841187	0.6143197	0.5662514	0.5576844	0.554206	0.5490975	0.5428672	0.5260385	0.5170815	0.4936486	0.4867211	0.4852839	0.4848897	0.4817871	0.4811381	0.4669128	0.4621085	0.4618801	0.4548571	0.4516305	0.4495068	0.2563142	0.2406012	0.1138709	0.09032224	0.08187482	0.08147147	0.06920782	0.05267296	0.03754792	0.03371517	0.03038736	0.02118786	0.01664881	0	0	0	0	0	0	0	0	0	0	0	0	
0.6841187	0.6143197	0.5662514	0.5576844	0.554206	0.5490975	0.5480947	0.5428672	0.5260385	0.5170815	0.4936486	0.4867211	0.4852839	0.4848897	0.4817871	0.4811381	0.4669128	0.4621085	0.4618801	0.4548571	0.4516305	0.3565065	0.3048503	0.1452781	0.116901	0.11117	0.09633231	0.07696152	0.07607458	0.04688552	0.0447756	0.02508908	0.02052161	0.01620279	0.01389632	0.005944689	0	0	0	0	0	0	0	0	0	0	
0.6841187	0.6143197	0.5662514	0.5576844	0.554206	0.5490975	0.5480947	0.5428672	0.5260385	0.5170815	0.4936486	0.4891835	0.4867211	0.4852839	0.4848897	0.4817871	0.4811381	0.4669128	0.4621085	0.4618801	0.4548571	0.4044296	0.3169825	0.2802912	0.2529744	0.2277757	0.1070361	0.09088665	0.08216529	0.06590209	0.05220217	0.05119275	0.02442732	0.02323103	0.0181338	0.0163421	0	0	0	0	0	0	0	0	0	0	
0.6841187	0.6143197	0.5662514	0.560279	0.5576844	0.554206	0.5490975	0.5480947	0.5428672	0.5260385	0.5170815	0.4936486	0.4891835	0.4867211	0.4852839	0.4848897	0.4817871	0.4811381	0.4669128	0.4621085	0.4618801	0.4581413	0.3621533	0.3066395	0.2664658	0.2599889	0.1135342	0.0673719	0.06631128	0.05920006	0.05665574	0.04994179	0.04507313	0.04185352	0.03766155	0.03186952	0.0196434	0	0	0	0	0	0	0	0	0	
0.6841187	0.6143197	0.5662514	0.560279	0.5576844	0.554206	0.5490975	0.5480947	0.5428672	0.5260385	0.5170815	0.4936486	0.4891835	0.4867211	0.4852839	0.4848897	0.4817871	0.4811381	0.4669128	0.4621085	0.2393827	0.2184652	0.1370168	0.05730559	0.05684415	0.05679738	0.05578122	0.05567421	0.05557054	0.05538731	0.04218904	0.0316407	0.02955013	0.02354267	0.01829104	0.005200538	0	0	0	0	0	0	0	0	0	0	
0.6841187	0.6143197	0.5662514	0.560279	0.5576844	0.554206	0.5490975	0.5480947	0.5428672	0.5260385	0.5170815	0.4936486	0.4891835	0.4867211	0.4852839	0.4848897	0.4817871	0.4811381	0.4669128	0.4621085	0.2985949	0.2240679	0.1902751	0.1333711	0.08530324	0.08339863	0.07406357	0.06131398	0.05885511	0.0534712	0.05005762	0.03760507	0.02920218	0.02447758	0.01020928	0	0	0	0	0	0	0	0	0	0	0	
0.6841187	0.6143197	0.5662514	0.560279	0.5576844	0.554206	0.5490975	0.5480947	0.5428672	0.5260385	0.5170815	0.4936486	0.4891835	0.4867211	0.4852839	0.4848897	0.4817871	0.4811381	0.4669128	0.4621085	0.379375	0.3552184	0.1351526	0.1166817	0.09064741	0.07775001	0.05963927	0.05598351	0.04087644	0.02155081	0.02149368	0.02143671	0.006950474	0	0	0	0	0	0	0	0	0	0	0	0	0	
0.6841187	0.6143197	0.5662514	0.560279	0.5576844	0.554206	0.5490975	0.5480947	0.5428672	0.5260385	0.5170815	0.4936486	0.4891835	0.4867211	0.4852839	0.4848897	0.4817871	0.4811381	0.4669128	0.4621085	0.2293409	0.215614	0.1114896	0.0739496	0.05584143	0.05556013	0.05181074	0.05166699	0.0492502	0.04064734	0.03361264	0.03184298	0.02947144	0.02004887	0.01457427	0.01443111	0	0	0	0	0	0	0	0	0	0	
0.6841187	0.6143197	0.5662514	0.560279	0.5576844	0.554206	0.5490975	0.5480947	0.5428672	0.5260385	0.5170815	0.4936486	0.4891835	0.4867211	0.4852839	0.4848897	0.4817871	0.4811381	0.4669128	0.4621085	0.2794029	0.2571302	0.2359291	0.2349255	0.2283082	0.2269201	0.196689	0.1611144	0.1523807	0.09757634	0.06767345	0.06206835	0.05716158	0.0561715	0.04662309	0.04298064	0.03864696	0.03557958	0.02861543	0.02308426	0	0	0	0	0	0	
0.6841187	0.6143197	0.5662514	0.560279	0.5576844	0.554206	0.5490975	0.5480947	0.5428672	0.5268747	0.5260385	0.5170815	0.4936486	0.4891835	0.4867211	0.4852839	0.4848897	0.4817871	0.4811381	0.4669128	0.4621085	0.1154384	0.0776545	0.07176172	0.06266027	0.05644372	0.05430706	0.05030436	0.04433628	0.04344117	0.02857446	0.02526136	0.02212389	0.01699997	0.01672584	0.01651357	0.003209895	0	0	0	0	0	0	0	0	0	
0.6841187	0.6143197	0.5809906	0.5662514	0.560279	0.5576844	0.554206	0.5490975	0.5480947	0.5428672	0.5268747	0.5260385	0.5170815	0.4936486	0.4891835	0.4867211	0.4852839	0.4848897	0.4817871	0.4811381	0.4669128	0.3085647	0.2598498	0.2358089	0.1664839	0.1447996	0.1254846	0.04348518	0.03061963	0.02844636	0.02180142	0.01991169	0.007329912	0.003809868	0	0	0	0	0	0	0	0	0	0	0	0	
0.6841187	0.6143197	0.5809906	0.5662514	0.560279	0.5576844	0.554206	0.5490975	0.5480947	0.5428672	0.5268747	0.5260385	0.5170815	0.4936486	0.4891835	0.4867211	0.4852839	0.4848897	0.4817871	0.4811381	0.2812174	0.2404832	0.2259628	0.2051354	0.1476849	0.1204308	0.09613796	0.06762998	0.06351965	0.05704973	0.02024766	0.008508079	0.004301889	0.001487998	0	0	0	0	0	0	0	0	0	0	0	0	
0.6841187	0.6143197	0.5809906	0.5662514	0.560279	0.5576844	0.554206	0.5490975	0.5480947	0.5428672	0.5268747	0.5260385	0.5170815	0.4936486	0.4891835	0.4867211	0.4852839	0.4848897	0.4818148	0.4817871	0.4811381	0.3675335	0.3562984	0.2607232	0.2130056	0.1309368	0.05468679	0.05346005	0.04924613	0.04011739	0.03933129	0.03309431	0.02032923	0.01830523	0.00630187	0	0	0	0	0	0	0	0	0	0	0	
0.6841187	0.6143197	0.5809906	0.5662514	0.560279	0.5576844	0.554206	0.5490975	0.5480947	0.5428672	0.5268747	0.5260385	0.5170815	0.4936486	0.4891835	0.4867211	0.4852839	0.4848897	0.4818148	0.4817871	0.4470315	0.1723273	0.1616307	0.06632315	0.0627756	0.05162566	0.04916443	0.0487837	0.04240202	0.03950895	0.0386298	0.03653696	0.0174894	0	0	0	0	0	0	0	0	0	0	0	0	0	
0.6841187	0.6143197	0.5809906	0.5662514	0.560279	0.5576844	0.554206	0.5522881	0.5490975	0.5480947	0.5428672	0.5268747	0.5260385	0.5170815	0.4936486	0.4891835	0.4867211	0.4852839	0.4848897	0.4818148	0.4817871	0.4542056	0.2468326	0.1089328	0.09683339	0.08532879	0.07011011	0.05592857	0.05259382	0.05128361	0.04723438	0.04705868	0.04653606	0.02406753	0.014463	0	0	0	0	0	0	0	0	0	0	0	
0.6841187	0.6143197	0.5809906	0.5662514	0.560279	0.5576844	0.554206	0.5522881	0.5490975	0.5480947	0.5428672	0.5268747	0.5260385	0.5170815	0.4936486	0.4891835	0.4867211	0.4852839	0.4848897	0.4818148	0.4776351	0.3385819	0.2142566	0.119297	0.1057112	0.08518375	0.06574344	0.05502426	0.05487426	0.04685741	0.03955805	0.03574036	0.02543544	0	0	0	0	0	0	0	0	0	0	0	0	0	
0.6841187	0.6143197	0.5809906	0.5662514	0.560279	0.5576844	0.554206	0.5522881	0.5490975	0.5480947	0.5428672	0.5268747	0.5260385	0.5170815	0.4936486	0.4891835	0.4867211	0.4852839	0.4848897	0.4818148	0.4241405	0.3877783	0.3874979	0.2953261	0.1253174	0.102631	0.082323	0.05502392	0.04749389	0.04364857	0.03854886	0.03291291	0.03234618	0.03120338	0.02484375	0.01979963	0.0101262	0	0	0	0	0	0	0	0	0	
0.6841187	0.6143197	0.5809906	0.5662514	0.560279	0.5576844	0.554206	0.5522881	0.5490975	0.5480947	0.5428672	0.5268747	0.5260385	0.5170815	0.4936486	0.4891835	0.4867211	0.4852839	0.4848897	0.4818148	0.327489	0.2050456	0.1726305	0.1295244	0.1158328	0.08652688	0.06746126	0.06693345	0.0638512	0.06256533	0.0620194	0.05199424	0.04498883	0.0419082	0.03789204	0.03239873	0.03143036	0.01917636	0.01763652	0	0	0	0	0	0	0	
0.6841187	0.6143197	0.5809906	0.5662514	0.560279	0.5576844	0.554206	0.5522881	0.5490975	0.5480947	0.5428672	0.5268747	0.5260385	0.5170815	0.4936486	0.4891835	0.4867211	0.4852839	0.4848897	0.4818148	0.4032137	0.3083007	0.2898755	0.1024253	0.06110245	0.05985393	0.05758997	0.0547222	0.05038631	0.04925054	0.04810743	0.03402248	0.03188542	0	0	0	0	0	0	0	0	0	0	0	0	0	
0.6841187	0.6143197	0.5809906	0.5662514	0.560279	0.5576844	0.554206	0.5522881	0.5490975	0.5480947	0.5428672	0.5268747	0.5260385	0.5170815	0.4936486	0.4891835	0.4867211	0.4852839	0.4848897	0.4818148	0.3475275	0.3345523	0.2960005	0.2479149	0.1175173	0.07764086	0.06624142	0.05321794	0.05231297	0.05087378	0.05056451	0.05046529	0.02421002	0.02030529	0.001879696	0	0	0	0	0	0	0	0	0	0	0	
0.6841187	0.6143197	0.5809906	0.5662514	0.560279	0.5576844	0.554206	0.5522881	0.5490975	0.5480947	0.5428672	0.5268747	0.5260385	0.5170815	0.4936486	0.4891835	0.4867211	0.4852839	0.4848897	0.4818148	0.4712768	0.3380376	0.3377788	0.3186833	0.2536345	0.223087	0.09227619	0.06395014	0.05837672	0.05318686	0.04953203	0.04830888	0.04766707	0.04091306	0.03379325	0.03302263	0.02983138	0.02939544	0.02714515	0.0267421	0.01847655	0	0	0	0	0	
0.6841187	0.6143197	0.5809906	0.5662514	0.560279	0.5576844	0.554206	0.5522881	0.5490975	0.5480947	0.5428672	0.5268747	0.5260385	0.5260334	0.5170815	0.4936486	0.4891835	0.4867211	0.4852839	0.4848897	0.4818148	0.2069398	0.1905732	0.1522099	0.1300544	0.08106612	0.06707001	0.0641615	0.06145443	0.05746951	0.0517196	0.05036436	0.04837368	0.03687484	0.03044256	0.02699725	0.02268877	0.01096928	0	0	0	0	0	0	0	0	
0.6841187	0.6143197	0.5809906	0.5662514	0.560279	0.5576844	0.554206	0.5522881	0.5490975	0.5480947	0.5428672	0.5275393	0.5268747	0.5260385	0.5260334	0.5170815	0.4936486	0.4891835	0.4867211	0.4852839	0.4848897	0.4197906	0.2178215	0.2036905	0.1786541	0.1334015	0.0819478	0.07977443	0.06055134	0.05998269	0.05419243	0.04651601	0.0374977	0.03223136	0.02897024	0.02505112	0.02064716	0	0	0	0	0	0	0	0	0	
0.6841187	0.6143197	0.5809906	0.5662514	0.560279	0.5576844	0.554206	0.5522881	0.5490975	0.5480947	0.5428672	0.5275393	0.5268747	0.5260385	0.5260334	0.5170815	0.4936486	0.4891835	0.4867211	0.4852839	0.431634	0.3880435	0.380087	0.2545106	0.195381	0.1665917	0.06714326	0.06125782	0.05611592	0.05588375	0.05043751	0.03840273	0.02056925	0.01633232	0	0	0	0	0	0	0	0	0	0	0	0	
0.6841187	0.6143197	0.5809906	0.5662514	0.560279	0.5576844	0.554206	0.5522881	0.5490975	0.5480947	0.5428672	0.5275393	0.5268747	0.5260385	0.5260334	0.5170815	0.4936486	0.4891835	0.4867211	0.4852839	0.4657304	0.2135683	0.1623869	0.1348433	0.1138594	0.1123573	0.05395697	0.05040007	0.04488258	0.03991107	0.03692127	0.0308345	0.02993336	0.02793333	0.0187661	0.01834009	0.009443283	0	0	0	0	0	0	0	0	0	
0.6841187	0.6143197	0.5809906	0.5662514	0.560279	0.5576844	0.554206	0.5522881	0.5490975	0.5480947	0.5428672	0.5275393	0.5268747	0.5260385	0.5260334	0.5170815	0.5001547	0.4936486	0.4891835	0.4867211	0.4852839	0.4426034	0.3261831	0.3159159	0.1420037	0.1055943	0.1027829	0.08355815	0.05575946	0.05312475	0.04184254	0.0359568	0.02727127	0.02184638	0.008612636	0	0	0	0	0	0	0	0	0	0	0	
0.6841187	0.6143197	0.5809906	0.5662514	0.560279	0.5576844	0.554206	0.5522881	0.5490975	0.5480947	0.5428672	0.5275393	0.5268747	0.5260385	0.5260334	0.5170815	0.5001547	0.4936486	0.4891835	0.4867211	0.2599135	0.2286279	0.2027764	0.1236915	0.1067521	0.0729638	0.06441292	0.05640496	0.05465165	0.04931917	0.04807258	0.03921045	0.03828012	0.02168831	0.01318919	0	0	0	0	0	0	0	0	0	0	0	
0.6841187	0.6143197	0.5809906	0.5662514	0.560279	0.5576844	0.554206	0.5522881	0.5490975	0.5480947	0.5428672	0.5275393	0.5268747	0.5260385	0.5260334	0.5170815	0.5001547	0.4936486	0.4891835	0.4867211	0.3801896	0.1481399	0.06170917	0.05704359	0.05101207	0.04807187	0.04754377	0.03576994	0.0356705	0.03545491	0.03475219	0.03377096	0.03020115	0.02887261	0.02312349	0.02288643	0.01762388	0	0	0	0	0	0	0	0	0	
0.6841187	0.6143197	0.5809906	0.5793097	0.5769557	0.5662514	0.560279	0.5576844	0.554206	0.5522881	0.5490975	0.5480947	0.5428672	0.5275393	0.5268747	0.5260385	0.5260334	0.5170815	0.5001547	0.4936486	0.4891835	0.4867211	0.330054	0.2872123	0.1888037	0.1230837	0.08877963	0.07492913	0.06609698	0.05988583	0.05929688	0.055146	0.05484838	0.04960608	0.04469019	0.02314796	0.01004035	0	0	0	0	0	0	0	0	0	
0.6841187	0.6143197	0.5809906	0.5793097	0.5769557	0.5662514	0.560279	0.5576844	0.554206	0.5522881	0.5490975	0.5480947	0.5428672	0.5275393	0.5268747	0.5260385	0.5260334	0.5170815	0.5001547	0.4936486	0.4510743	0.417427	0.3985286	0.2908371	0.2872105	0.2749114	0.2632002	0.2392537	0.07593419	0.06983518	0.05405865	0.05273581	0.03297751	0.02645742	0.02572021	0.02483855	0.01925157	0.01578053	0.01490333	0	0	0	0	0	0	0	
0.6841187	0.6143197	0.5809906	0.5793097	0.5769557	0.5662514	0.560279	0.5576844	0.554206	0.5522881	0.5490975	0.5480947	0.5428672	0.5275393	0.5268747	0.5260385	0.5260334	0.5170815	0.5001547	0.4936486	0.4455352	0.3149824	0.27457	0.1942688	0.09010741	0.08332159	0.06894348	0.05669623	0.05130419	0.05081663	0.05079254	0.04576434	0.01961077	0.01758098	0.01703721	0.01449845	0	0	0	0	0	0	0	0	0	0	
0.6841187	0.6143197	0.5809906	0.5793097	0.5769557	0.5662514	0.560279	0.5576844	0.554206	0.5522881	0.5490975	0.5480947	0.5428672	0.5275393	0.5268747	0.5260385	0.5260334	0.5170815	0.5001547	0.4936486	0.4634525	0.4327672	0.2812544	0.2189765	0.1271969	0.1057017	0.07243314	0.06606959	0.06425982	0.05107845	0.04901953	0.03318663	0.03145476	0.02395257	0.01702314	0.001383458	0	0	0	0	0	0	0	0	0	0	
0.6841187	0.6143197	0.5809906	0.5793097	0.5769557	0.5662514	0.560279	0.5576844	0.554206	0.5522881	0.5490975	0.5480947	0.5428672	0.5392768	0.5275393	0.5268747	0.5260385	0.5260334	0.5170815	0.5001547	0.4936486	0.4490384	0.3821016	0.3323948	0.08572178	0.08402722	0.06050934	0.05936065	0.05929245	0.05848273	0.05796707	0.05761295	0.05490765	0.04736797	0.0453542	0.03611202	0.03290323	0.02528044	0.01996468	0.01761414	0.01187951	0	0	0	0	0	
0.6841187	0.6143197	0.5809906	0.5793097	0.5769557	0.5662514	0.560279	0.5576844	0.554206	0.5522881	0.5490975	0.5480947	0.5428672	0.5392768	0.5275393	0.5268747	0.5260385	0.5260334	0.5170815	0.5001547	0.4859773	0.4619374	0.2798371	0.2466275	0.2276828	0.2037991	0.1715808	0.1650345	0.08004542	0.0692866	0.06670211	0.05223617	0.04337702	0.03921058	0.02220963	0.02186986	0.01317295	0.006628072	0	0	0	0	0	0	0	0	
0.6841187	0.6143197	0.5809906	0.5793097	0.5769557	0.5662514	0.560279	0.5576844	0.554206	0.5522881	0.5490975	0.5480947	0.5428672	0.5392768	0.5275393	0.5268747	0.5260385	0.5260334	0.5170815	0.5001547	0.4073369	0.3088128	0.3067796	0.296669	0.2804755	0.1295156	0.124055	0.1094113	0.06261871	0.05503891	0.05457382	0.05441146	0.05093503	0.04296444	0.03413079	0.02217506	0.0180928	0.01702188	0.01493842	0.01430144	0.01343136	0	0	0	0	0	
0.6841187	0.6143197	0.5809906	0.5793097	0.5769557	0.5662514	0.560279	0.5576844	0.554206	0.5522881	0.5490975	0.5480947	0.5428672	0.5392768	0.5275393	0.5268747	0.5260385	0.5260334	0.5170815	0.5001547	0.3545361	0.1924781	0.1706508	0.117948	0.04605407	0.04422347	0.04287345	0.04276643	0.04252337	0.04033485	0.04019897	0.02753094	0.01497019	0.004755203	0	0	0	0	0	0	0	0	0	0	0	0	
0.6841187	0.6143197	0.5809906	0.5793097	0.5769557	0.5662514	0.560279	0.5576844	0.554206	0.5522881	0.5490975	0.5480947	0.5428672	0.5392768	0.5275393	0.5268747	0.5260385	0.5260334	0.5170815	0.5001547	0.4007896	0.1428267	0.1066387	0.08458225	0.07628363	0.06514649	0.05820051	0.05698844	0.0489567	0.03737395	0.03175404	0.02834062	0.02331857	0.02189481	0.0212146	0.01754468	0	0	0	0	0	0	0	0	0	0	
0.6841187	0.6143197	0.5809906	0.5793097	0.5769557	0.5662514	0.560279	0.5576844	0.554206	0.5522881	0.5490975	0.5480947	0.5428672	0.5392768	0.5275393	0.5268747	0.5260385	0.5260334	0.5170815	0.5001547	0.4721331	0.3552311	0.237942	0.2258227	0.1932585	0.1526464	0.0639235	0.05637571	0.05569998	0.05504484	0.05269867	0.05073565	0.04562871	0.0409174	0.03628754	0.03556448	0.03381254	0.03026706	0.02546642	0	0	0	0	0	0	0	
0.6841187	0.6143197	0.5809906	0.5793097	0.5769557	0.5662514	0.560279	0.5576844	0.554206	0.5522881	0.5490975	0.5480947	0.5428672	0.5392768	0.5275393	0.5268747	0.5260385	0.5260334	0.5170815	0.5001547	0.4965115	0.4755559	0.4654018	0.3442941	0.2984775	0.2855048	0.2489459	0.1510793	0.1023234	0.07593691	0.06667523	0.05591327	0.04565345	0.02968841	0.02758996	0	0	0	0	0	0	0	0	0	0	0	
0.6841187	0.6143197	0.5809906	0.5793097	0.5769557	0.5662514	0.560279	0.5576844	0.554206	0.5522881	0.5490975	0.5480947	0.5428672	0.5392768	0.5275393	0.5268747	0.5260385	0.5260334	0.5170815	0.5001547	0.4413368	0.4099813	0.3715015	0.3465923	0.2817131	0.2775003	0.06075659	0.05620746	0.04670758	0.04470307	0.0397766	0.02543029	0	0	0	0	0	0	0	0	0	0	0	0	0	0	
0.6841187	0.6143197	0.5809906	0.5793097	0.5769557	0.5662514	0.560279	0.5576844	0.554206	0.5522881	0.5490975	0.5480947	0.5428672	0.5392768	0.5275393	0.5268747	0.5260385	0.5260334	0.5170815	0.5001547	0.437428	0.3096915	0.2114776	0.2109537	0.1831745	0.1351645	0.1332324	0.1309769	0.1056755	0.06107532	0.05859423	0.05092148	0.05002496	0.04929753	0.02994699	0.02345053	0.01449675	0.01296109	0	0	0	0	0	0	0	0	
0.6841187	0.6143197	0.5809906	0.5793097	0.5769557	0.5662514	0.560279	0.5576844	0.554206	0.5522881	0.5490975	0.5480947	0.5428672	0.5392768	0.5275393	0.5268747	0.5260385	0.5260334	0.5170815	0.5001547	0.4420666	0.3463645	0.2489807	0.1150383	0.07665854	0.05892323	0.05847406	0.05738299	0.05474682	0.04751472	0.04528363	0.04002711	0.02783638	0.02408713	0	0	0	0	0	0	0	0	0	0	0	0	
0.6841187	0.6143197	0.5809906	0.5793097	0.5769557	0.5662514	0.560279	0.5576844	0.554206	0.5522881	0.5490975	0.5480947	0.5428672	0.5392768	0.5275393	0.5268747	0.5260385	0.5260334	0.5170815	0.5001547	0.3191192	0.2208636	0.2012206	0.08684684	0.07634206	0.06363235	0.05578389	0.05193499	0.05059604	0.05018505	0.0488483	0.04790642	0.04765951	0.04613585	0.03992201	0.02399485	0.01758209	0.01404588	0	0	0	0	0	0	0	0	
0.6841187	0.6143197	0.5809906	0.5793097	0.5769557	0.5662514	0.560279	0.5576844	0.554206	0.5522881	0.5490975	0.5480947	0.5428672	0.5392768	0.5275393	0.5268747	0.5260385	0.5260334	0.5170815	0.5001547	0.2261714	0.1425227	0.1355976	0.1144148	0.06906817	0.06512126	0.06077205	0.06057139	0.05507017	0.05382741	0.05268942	0.04896824	0.0448985	0.0426404	0.03943776	0.02788043	0.01427594	0.01278742	0	0	0	0	0	0	0	0	
0.6841187	0.6143197	0.5809906	0.5793097	0.5769557	0.5662514	0.560279	0.5576844	0.554206	0.5522881	0.5490975	0.5480947	0.5428672	0.5425428	0.5392768	0.5275393	0.5268747	0.5260385	0.5260334	0.5170815	0.5001547	0.2895593	0.1781166	0.1214527	0.1123399	0.1000504	0.0892176	0.08200117	0.05576115	0.0541086	0.04883175	0.04810461	0.04753906	0.04350411	0.03750078	0.03719193	0.03367849	0.01381935	0	0	0	0	0	0	0	0	
0.6841187	0.6143197	0.5809906	0.5793097	0.5769557	0.5662514	0.560279	0.5576844	0.554206	0.5522881	0.5490975	0.5480947	0.5428672	0.5425428	0.5392768	0.5275393	0.5268747	0.5260385	0.5260334	0.5170815	0.2857174	0.2651561	0.1753452	0.09661821	0.06812722	0.06286957	0.05734803	0.05255469	0.05255127	0.04636613	0.04213219	0.02750262	0.004289465	0.001566585	0	0	0	0	0	0	0	0	0	0	0	0	
0.6841187	0.6143197	0.5809906	0.5793097	0.5769557	0.5662514	0.560279	0.5576844	0.554206	0.5522881	0.5490975	0.5480947	0.5428672	0.5425428	0.5392768	0.5291845	0.5275393	0.5268747	0.5260385	0.5260334	0.5170815	0.2825531	0.2049014	0.1158367	0.09455597	0.09124032	0.05878457	0.05610804	0.04999092	0.04996241	0.04712531	0.04429556	0.04353996	0.04337136	0.04159725	0.03919904	0.03005975	0.02784693	0	0	0	0	0	0	0	0	
0.6841187	0.6143197	0.5809906	0.5793097	0.5769557	0.5662514	0.560279	0.5576844	0.554206	0.5522881	0.5490975	0.5480947	0.5428672	0.5425428	0.5392768	0.5291845	0.5275393	0.5268747	0.5260385	0.5260334	0.5128198	0.3872902	0.3662661	0.3587461	0.3049115	0.2898947	0.27259	0.08867841	0.07192928	0.05501451	0.05400697	0.05285151	0.05112862	0.04334253	0.0402518	0.02841726	0.01606512	0.00667965	0	0	0	0	0	0	0	0	
0.6841187	0.6143197	0.5809906	0.5793097	0.5769557	0.5662514	0.560279	0.5576844	0.554206	0.5522881	0.5490975	0.5480947	0.5428672	0.5425428	0.5392768	0.5338444	0.5291845	0.5275393	0.5268747	0.5260385	0.5260334	0.3888935	0.2376855	0.178217	0.1736075	0.06562721	0.05247509	0.05143601	0.04619361	0.04021245	0.03591232	0.03441961	0.03335619	0.03258485	0.02747956	0.006486876	0	0	0	0	0	0	0	0	0	0	
0.6841187	0.6143197	0.5809906	0.5793097	0.5769557	0.5662514	0.560279	0.5576844	0.5572113	0.554206	0.5522881	0.5490975	0.5480947	0.5428672	0.5425428	0.5392768	0.5338444	0.5291845	0.5275393	0.5268747	0.5260385	0.4050747	0.2849762	0.1840444	0.1667556	0.07711615	0.06937854	0.06845547	0.06813134	0.06025478	0.05863489	0.05549681	0.05309542	0.04578275	0.01776882	0	0	0	0	0	0	0	0	0	0	0	
0.6841187	0.6143197	0.5809906	0.5793097	0.5769557	0.5662514	0.560279	0.5576844	0.5572113	0.554206	0.5522881	0.5490975	0.5480947	0.5428672	0.5425428	0.5392768	0.5338444	0.5291845	0.5275393	0.5268747	0.4828867	0.4360726	0.1826555	0.173581	0.1587246	0.1522537	0.09828564	0.08581989	0.07148591	0.06718291	0.06409556	0.05501331	0.05110205	0.04078076	0.0383705	0.01727932	0	0	0	0	0	0	0	0	0	0	
0.6841187	0.6143197	0.5809906	0.5793097	0.5769557	0.5662514	0.560279	0.5576844	0.5572113	0.554206	0.5522881	0.5490975	0.5480947	0.5428672	0.5425428	0.5392768	0.5338444	0.5291845	0.5275393	0.5268747	0.4342408	0.3324009	0.327504	0.2666371	0.1778802	0.1133986	0.1015655	0.07069574	0.0660809	0.05808079	0.05347469	0.05020723	0.04798096	0.03424006	0.03221609	0.01943213	0.017452	0.01356789	0.006608893	0	0	0	0	0	0	0	
0.6841187	0.6143197	0.5809906	0.5793097	0.5769557	0.5662514	0.560279	0.5576844	0.5572113	0.554206	0.5522881	0.5490975	0.5480947	0.5428672	0.5425428	0.5392768	0.5338444	0.5291845	0.5275393	0.5268747	0.4482265	0.4316697	0.4159331	0.1535952	0.101898	0.07705415	0.05490792	0.0542293	0.0529663	0.05235382	0.05010374	0.04920882	0.03258433	0.03134488	0.02930368	0.0269539	0.01956986	0.01035319	0.008823522	0	0	0	0	0	0	0	
0.6841187	0.6143197	0.5809906	0.5793097	0.5769557	0.5662514	0.560279	0.5576844	0.5572113	0.554206	0.5522881	0.5490975	0.5480947	0.5428672	0.5425428	0.5392768	0.5338444	0.5329378	0.5291845	0.5275393	0.5268747	0.4659501	0.4312507	0.3793927	0.2948832	0.2451022	0.2443617	0.09188076	0.08271646	0.05965078	0.05173175	0.0487835	0.04863668	0.04780175	0.04362307	0.0432664	0.02470766	0.02036939	0.01603912	0.01563827	0	0	0	0	0	0	
0.6841187	0.6143197	0.5809906	0.5793097	0.5769557	0.5662514	0.560279	0.5576844	0.5572113	0.554206	0.5522881	0.5490975	0.5480947	0.5428672	0.5425428	0.5392768	0.5338444	0.5329378	0.5291845	0.5275393	0.2544602	0.06630122	0.06567559	0.05706105	0.03982159	0.03971141	0.0372311	0.03657392	0.03216474	0.0308959	0.02958158	0.02896882	0.02218438	0	0	0	0	0	0	0	0	0	0	0	0	0	
0.6841187	0.6143197	0.5809906	0.5793097	0.5769557	0.5662514	0.560279	0.5576844	0.5572113	0.554206	0.5522881	0.5490975	0.5480947	0.5428672	0.5425428	0.5392768	0.5338444	0.5329378	0.5291845	0.5275393	0.3907741	0.3336348	0.3258142	0.226427	0.1805067	0.1247516	0.118068	0.08843568	0.06892456	0.06444702	0.05821336	0.05569175	0.05308196	0.05130466	0.04376279	0.02929982	0.02713667	0.02452761	0.0129887	0.01217365	0	0	0	0	0	0	
0.6841187	0.6143197	0.5809906	0.5793097	0.5769557	0.5662514	0.560279	0.5576844	0.5572113	0.554206	0.5522881	0.5490975	0.5480947	0.5428672	0.5425428	0.5392768	0.5365412	0.5338444	0.5329378	0.5291845	0.5275393	0.3359483	0.266539	0.239228	0.1341264	0.1206181	0.101898	0.09327693	0.05925762	0.05807647	0.05260897	0.04531513	0.04011411	0.03583951	0.03522924	0.02846976	0.01800279	0	0	0	0	0	0	0	0	0	
0.6841187	0.6143197	0.5809906	0.5793097	0.5769557	0.5662514	0.560279	0.5576844	0.5572113	0.554206	0.5522881	0.5490975	0.5480947	0.5428672	0.5425428	0.5392768	0.5365412	0.5338444	0.5329378	0.5291845	0.4517974	0.4415604	0.3331922	0.1679293	0.1507812	0.137246	0.1146044	0.09282116	0.06246571	0.05523423	0.05452327	0.04530428	0.03670368	0.03633521	0.03144537	0.02446288	0	0	0	0	0	0	0	0	0	0	
0.6841187	0.6143197	0.5809906	0.5793097	0.5769557	0.5662514	0.560279	0.5576844	0.5572113	0.554206	0.5522881	0.5490975	0.5480947	0.5428672	0.5425428	0.5392768	0.5365412	0.5338444	0.5329378	0.5291845	0.4700752	0.4694879	0.4645414	0.4189772	0.3352054	0.3351412	0.2027781	0.1261965	0.0930013	0.08369536	0.05900269	0.04380585	0.03213368	0.02143289	0.01272515	0.009070883	0	0	0	0	0	0	0	0	0	0	
0.6841187	0.6143197	0.5809906	0.5793097	0.5769557	0.5662514	0.560279	0.5576844	0.5572113	0.554206	0.5522881	0.5490975	0.5480947	0.5428672	0.5425428	0.5392768	0.5365412	0.5338444	0.5329378	0.5291845	0.5181798	0.2505424	0.19153	0.06890358	0.06200596	0.06149381	0.05608727	0.05497241	0.05140818	0.0504967	0.04726651	0.0471581	0.04380295	0.03893172	0.03282417	0.03000365	0	0	0	0	0	0	0	0	0	0	
0.6841187	0.6143197	0.5809906	0.5793097	0.5769557	0.5739115	0.5662514	0.560279	0.5576844	0.5572113	0.554206	0.5522881	0.5490975	0.5480947	0.5428672	0.5425428	0.5392768	0.5365412	0.5338444	0.5329378	0.5291845	0.3575917	0.3372931	0.1765798	0.1507755	0.141832	0.05810757	0.05511007	0.05317243	0.04649604	0.04592711	0.03985944	0.02891217	0.02394119	0.01984604	0.007927472	0	0	0	0	0	0	0	0	0	0	
0.6841187	0.629337	0.6143197	0.5809906	0.5793097	0.5769557	0.5739115	0.5662514	0.560279	0.5576844	0.5572113	0.554206	0.5522881	0.5490975	0.5480947	0.5428672	0.5425428	0.5392768	0.5365412	0.5338444	0.5329378	0.3477257	0.3466141	0.2793517	0.2617878	0.1281422	0.09393914	0.08623835	0.0734117	0.06430978	0.06091443	0.05510234	0.05454011	0.05357489	0.05334194	0.02839406	0.02790257	0.0263705	0.01944091	0.0141224	0.01045719	0	0	0	0	0	
0.6841187	0.629337	0.6143197	0.5809906	0.5793097	0.5769557	0.5739115	0.5662514	0.560279	0.5576844	0.5572113	0.554206	0.5522881	0.5490975	0.5480947	0.5428672	0.5425428	0.5392768	0.5365412	0.5338444	0.4999344	0.4345139	0.3825064	0.3587613	0.100736	0.07899179	0.07885056	0.06038889	0.05980665	0.04721742	0.04712726	0.04358524	0.04271854	0.03887022	0.03806392	0.0314206	0.02625079	0.02594784	0	0	0	0	0	0	0	0	
0.6841187	0.629337	0.6143197	0.5809906	0.5793097	0.5769557	0.5739115	0.5662514	0.560279	0.5576844	0.5572113	0.554206	0.5522881	0.5490975	0.5480947	0.5428672	0.5425428	0.5392768	0.5365412	0.5338444	0.5335596	0.3331589	0.3193807	0.2099483	0.1697559	0.1275723	0.1163091	0.09493136	0.09123003	0.0555844	0.05141388	0.0501475	0.04632	0.04467784	0.03245635	0.0290837	0.02774122	0.02584168	0.02526967	0	0	0	0	0	0	0	
0.6841187	0.629337	0.6143197	0.5809906	0.5793097	0.5769557	0.5739115	0.5662514	0.560279	0.5576844	0.5572113	0.554206	0.5522881	0.5490975	0.5480947	0.5428672	0.5425428	0.5392768	0.5365412	0.5359088	0.5338444	0.2599611	0.2209986	0.1117717	0.08882251	0.07901008	0.0622716	0.05491605	0.05342926	0.05125466	0.04322931	0.03940321	0.03742503	0.03472653	0.03449954	0.03376627	0.02630333	0.02453429	0.02408552	0	0	0	0	0	0	0	
0.6841187	0.629337	0.6143197	0.5809906	0.5793097	0.5769557	0.5739115	0.572081	0.5662514	0.560279	0.5576844	0.5572113	0.554206	0.5522881	0.5490975	0.5480947	0.5428672	0.5425428	0.5392768	0.5365412	0.5359088	0.4236313	0.387885	0.1784058	0.1628827	0.08577711	0.06426081	0.05349176	0.052335	0.05062574	0.04934826	0.0449151	0.04228184	0.03008894	0.02975436	0.02177355	0	0	0	0	0	0	0	0	0	0	
0.6841187	0.629337	0.6143197	0.5809906	0.5793097	0.5769557	0.5739115	0.572081	0.5662514	0.560279	0.5576844	0.5572113	0.5557401	0.554206	0.5522881	0.5490975	0.5480947	0.5428672	0.5425428	0.5392768	0.5365412	0.4699197	0.2926133	0.275212	0.2034826	0.09016833	0.07360023	0.06808182	0.05331884	0.0521567	0.05048353	0.04759122	0.04413055	0.04073389	0.02885362	0.02593208	0.01933837	0	0	0	0	0	0	0	0	0	
0.6841187	0.629337	0.6143197	0.5809906	0.5793097	0.5769557	0.5739115	0.572081	0.5662514	0.560279	0.5576844	0.5572113	0.5557401	0.554206	0.5522881	0.5490975	0.5480947	0.5428672	0.5425428	0.5392768	0.4683433	0.3753402	0.3679315	0.2645604	0.2524513	0.250415	0.2287016	0.2122998	0.1322517	0.06722321	0.05835722	0.05714726	0.05364746	0.0524938	0.04618233	0.02883777	0.02874422	0.01069708	0.005177287	0	0	0	0	0	0	0	
0.6841187	0.629337	0.6143197	0.5809906	0.5793097	0.5769557	0.5739115	0.572081	0.5662514	0.560279	0.5576844	0.5572113	0.5557401	0.554206	0.5522881	0.5490975	0.5480947	0.5428672	0.5425428	0.5392768	0.4252497	0.3445662	0.3301439	0.3250569	0.2205676	0.2152929	0.2045404	0.06033129	0.05477255	0.05410672	0.0492628	0.04921677	0.04908761	0.04491291	0.03159293	0.03065064	0.02844003	0.01896562	0.008893449	0	0	0	0	0	0	0	
0.6841187	0.629337	0.6143197	0.5809906	0.5793097	0.5769557	0.5739115	0.572081	0.5662514	0.560279	0.5576844	0.5572113	0.5557401	0.554206	0.5522881	0.5490975	0.5480947	0.5428672	0.5425428	0.5392768	0.3363967	0.3273298	0.1851908	0.1568471	0.0937125	0.08744825	0.07117371	0.06303653	0.04431603	0.03610581	0.02862765	0.02621174	0.02434514	0.008194277	0.007525545	0	0	0	0	0	0	0	0	0	0	0	
0.6841187	0.629337	0.6143197	0.5809906	0.5793097	0.5769557	0.5739115	0.572081	0.5662514	0.560279	0.5576844	0.5572113	0.5557401	0.554206	0.5522881	0.5490975	0.5480947	0.5428672	0.5425428	0.5392768	0.3849345	0.1686065	0.1332062	0.08932234	0.08235941	0.06973743	0.06736445	0.05382814	0.04979093	0.04792023	0.04661364	0.04623891	0.04553735	0.0384692	0.02815623	0.01894902	0	0	0	0	0	0	0	0	0	0	
0.6841187	0.629337	0.6143197	0.5809906	0.5793097	0.5769557	0.5739115	0.572081	0.5662514	0.560279	0.5576844	0.5572113	0.5557401	0.554206	0.5522881	0.5490975	0.5480947	0.5428672	0.5425428	0.5392768	0.4798959	0.3978838	0.3363564	0.2421851	0.209123	0.04696732	0.04649298	0.043332	0.04082493	0.03327992	0.02613285	0.02549225	0.01800732	0.0147446	0.009270375	0.006775887	0	0	0	0	0	0	0	0	0	0	
0.6841187	0.629337	0.6143197	0.5809906	0.5793097	0.5769557	0.5739115	0.572081	0.5662514	0.560279	0.5576844	0.5572113	0.5557401	0.554206	0.5522881	0.5490975	0.5480947	0.5428672	0.5425428	0.5392768	0.3338196	0.2766425	0.2222727	0.1002462	0.05770406	0.04943738	0.04909392	0.04322053	0.03536934	0.03504815	0.03147186	0.02273839	0.01601562	0.01514116	0.004513012	0	0	0	0	0	0	0	0	0	0	0	
0.6841187	0.629337	0.6143197	0.5809906	0.5793097	0.5769557	0.5739115	0.572081	0.5662514	0.560279	0.5576844	0.5572113	0.5557401	0.554206	0.5522881	0.5490975	0.5480947	0.5428672	0.5425428	0.5392768	0.5273923	0.3232749	0.2169524	0.1724564	0.1558509	0.06029005	0.05556196	0.04576905	0.04400317	0.04205056	0.03844252	0.02767366	0.02270367	0.01522992	0	0	0	0	0	0	0	0	0	0	0	0	
0.6841187	0.629337	0.6143197	0.5809906	0.5793097	0.5769557	0.5739115	0.572081	0.5662514	0.560279	0.5576844	0.5572113	0.5557401	0.554206	0.5522881	0.5490975	0.5480947	0.5428672	0.5425428	0.5392768	0.3890923	0.310185	0.298779	0.2611913	0.1906147	0.1785543	0.06611963	0.06484085	0.05799586	0.04282552	0.03194554	0.02423958	0.02234539	0.01834478	0.01799062	0.01798151	0.0174236	0.01247161	0.007424133	0	0	0	0	0	0	0	
0.6841187	0.629337	0.6143197	0.5809906	0.5793097	0.5769557	0.5739115	0.572081	0.5662514	0.560279	0.5576844	0.5572113	0.5557401	0.554206	0.5522881	0.5490975	0.5480947	0.5428672	0.5425428	0.5392768	0.4937573	0.3803768	0.2982033	0.1570289	0.08517472	0.08311375	0.05581365	0.05437408	0.05054332	0.04975516	0.02979417	0.02845033	0.02068481	0.01929846	0.003972946	0	0	0	0	0	0	0	0	0	0	0	
