Elite Size: 20, roulete size: 25, random size: 0
Mutation type: Stepy
CycleEval?: True, accelEval?: False, heightEval?: True
Funcion: Media_Partida_Classic_FaseSync_CosDoubleFrecuency_Knee, empujon inicial: (0,0,0)
0.6562648	0.6068356	0.553016	0.5425021	0.3190746	0.3006582	0.2903369	0.2760169	0.2653317	0.249894	0.2063383	0.1882721	0.1706563	0.1668914	0.1555425	0.150662	0.1451916	0.1444974	0.144077	0.1218565	0.1109273	0.03881409	0.03255295	0.02748219	0.01441706	0.01147899	0.007679359	0	0	0	0	0	0	0	0	0	0	0	0	0	0	0	0	0	0	0	
0.6562648	0.6068356	0.553016	0.5425021	0.5353636	0.3190746	0.3006582	0.2903369	0.2775594	0.2760169	0.2653317	0.249894	0.2063383	0.1882721	0.1706563	0.1668914	0.1555425	0.150662	0.1451916	0.1444974	0.144077	0.1218565	0.07633158	0.03979964	0.03579013	0.02579363	0.0253056	0.02334291	0.02069148	0.01783041	0.01185955	0.009317731	0.008470455	0	0	0	0	0	0	0	0	0	0	0	0	0	
0.6562648	0.6068356	0.553016	0.5425021	0.5353636	0.3667275	0.3190746	0.3006582	0.2903369	0.2775594	0.2760169	0.2653317	0.249894	0.2063383	0.1882721	0.1706563	0.1668914	0.1555425	0.150662	0.1451916	0.1444974	0.02232364	0.01449567	0.01306556	0.01127668	0.009176169	0.00803131	0.006570053	0.002890869	0	0	0	0	0	0	0	0	0	0	0	0	0	0	0	0	0	
0.6562648	0.6068356	0.553016	0.5425021	0.5353636	0.4423611	0.3667275	0.3190746	0.3006582	0.2903369	0.2775594	0.2760169	0.2653317	0.249894	0.2063383	0.1882721	0.1706563	0.1668914	0.1555425	0.150662	0.1451916	0.1216813	0.02591585	0.02583373	0.02324892	0.01067118	0.01041892	0.008545766	0.005751326	0	0	0	0	0	0	0	0	0	0	0	0	0	0	0	0	0	
0.6562648	0.6068356	0.553016	0.5425021	0.5353636	0.4423611	0.4388466	0.3667275	0.3190746	0.3006582	0.2903369	0.2775594	0.2760169	0.2653317	0.249894	0.2063383	0.1882721	0.1706563	0.1668914	0.1555425	0.150662	0.02805992	0.02736607	0.02000803	0.01711497	0.01469839	0.01195353	0.0102064	0.00725807	0.001789345	0	0	0	0	0	0	0	0	0	0	0	0	0	0	0	0	
0.6562648	0.6068356	0.553016	0.5425021	0.5353636	0.4489707	0.4423611	0.4388466	0.3667275	0.3517939	0.3190746	0.3006582	0.2903369	0.2775594	0.2760169	0.2653317	0.2643346	0.249894	0.2063383	0.1882721	0.1706563	0.1668914	0.1555425	0.02926588	0.02394917	0.02101749	0.01358722	0.01320159	0.01246553	0.01228643	0	0	0	0	0	0	0	0	0	0	0	0	0	0	0	0	
0.6562648	0.6068356	0.553016	0.5425021	0.5353636	0.4489707	0.4423611	0.4388466	0.3667275	0.3517939	0.3190746	0.3006582	0.2903369	0.2775594	0.2760169	0.2707881	0.2653317	0.2643346	0.249894	0.2357123	0.2063383	0.1882721	0.05979172	0.02046981	0.01859249	0.01407148	0.01203064	0.009885246	0.009572952	0.008733694	0	0	0	0	0	0	0	0	0	0	0	0	0	0	0	0	
0.6562648	0.6068356	0.553016	0.5425021	0.5353636	0.4489707	0.4423611	0.4388466	0.4098952	0.3667275	0.3517939	0.3190746	0.3006582	0.2903369	0.2775594	0.2760169	0.2707881	0.2653317	0.2643346	0.249894	0.2357123	0.02972412	0.02450196	0.0225703	0.01833611	0.01614475	0.01610581	0.01319858	0.01061948	0.009338728	0.00793573	0	0	0	0	0	0	0	0	0	0	0	0	0	0	0	
0.6562648	0.6068356	0.553016	0.5425021	0.5353636	0.4535603	0.4489707	0.4423611	0.4388466	0.4303513	0.4098952	0.3667275	0.3517939	0.3190746	0.3006582	0.2903369	0.2775594	0.2760169	0.2707881	0.2653317	0.2643346	0.249894	0.03760796	0.03661215	0.02925171	0.02490786	0.01821109	0.01818476	0.01591618	0.01385111	0.01352962	0.01301984	0.009129612	0.006268596	0	0	0	0	0	0	0	0	0	0	0	0	
0.6562648	0.6068356	0.553016	0.5425021	0.5353636	0.4535603	0.4489707	0.4423611	0.4388466	0.4303513	0.4098952	0.3667275	0.3517939	0.3190746	0.3006582	0.2903369	0.2775594	0.2760169	0.2707881	0.2653317	0.03661566	0.0233352	0.02228327	0.02206427	0.01350695	0.01173891	0.01056927	0.01040562	0.009236405	0.008278126	0.004162358	0	0	0	0	0	0	0	0	0	0	0	0	0	0	0	
0.6562648	0.6152399	0.6068356	0.5665188	0.553016	0.5425021	0.5353636	0.5338613	0.4535603	0.4489707	0.4423611	0.4388466	0.4303513	0.4098952	0.3667275	0.3517939	0.3190746	0.3006582	0.2903369	0.2775594	0.2760169	0.2707881	0.2653317	0.07623854	0.02699157	0.02310062	0.01635049	0.01547968	0.01210561	0.0116737	0.002512974	0	0	0	0	0	0	0	0	0	0	0	0	0	0	0	
0.6625565	0.6562648	0.6152399	0.6068356	0.5665188	0.553016	0.5425021	0.5353636	0.5338613	0.4535603	0.4489707	0.4423611	0.4388466	0.4303513	0.4098952	0.3945548	0.3667275	0.3517939	0.3190746	0.3006582	0.2903369	0.2775594	0.2447794	0.1985036	0.02906681	0.02160008	0.02151794	0.0189575	0.01846236	0.0182597	0.01531441	0.0104996	0	0	0	0	0	0	0	0	0	0	0	0	0	0	
0.6625565	0.6562648	0.6152399	0.6068356	0.5665188	0.553016	0.5425021	0.5353636	0.5338613	0.4535603	0.4489707	0.4423611	0.4388466	0.4303513	0.4098952	0.3945548	0.3667275	0.3517939	0.3190746	0.3038647	0.3006582	0.2168917	0.0287313	0.02632164	0.02095621	0.02061544	0.02011105	0.01426753	0.01400279	0.01191738	0.01175626	0	0	0	0	0	0	0	0	0	0	0	0	0	0	0	
0.6625565	0.6562648	0.6166916	0.6152399	0.6068356	0.5665188	0.553016	0.5425021	0.5353636	0.5338613	0.4535603	0.4489707	0.4423611	0.4388466	0.4303513	0.4098952	0.3945548	0.3667275	0.3517939	0.3333039	0.3190746	0.3038647	0.1447431	0.02982806	0.02778717	0.01437244	0.01299447	0.01044913	0.009911009	0.004950935	0	0	0	0	0	0	0	0	0	0	0	0	0	0	0	0	
0.6625565	0.6562648	0.6166916	0.6152399	0.6068356	0.5665188	0.553016	0.5425021	0.5353636	0.5338613	0.4535603	0.4489707	0.4423611	0.4388466	0.4303513	0.4098952	0.3945548	0.3667275	0.3517939	0.3333039	0.03086103	0.0222877	0.01781402	0.01568501	0.009895857	0	0	0	0	0	0	0	0	0	0	0	0	0	0	0	0	0	0	0	0	0	
0.6625565	0.662168	0.6562648	0.6166916	0.6152399	0.6068356	0.5665188	0.553016	0.5425021	0.5353636	0.5338613	0.4535603	0.4489707	0.4423611	0.4388466	0.4303513	0.4098952	0.3945548	0.3667275	0.3517939	0.3333039	0.1069637	0.03377217	0.01688044	0.01483892	0.01273615	0.01237677	0.01201807	0.01020639	0.004498993	0	0	0	0	0	0	0	0	0	0	0	0	0	0	0	0	
0.6625565	0.662168	0.6562648	0.6196709	0.6166916	0.6152399	0.6068356	0.5665188	0.553016	0.5425021	0.5353636	0.5338613	0.4535603	0.4489707	0.4423611	0.4388466	0.4303513	0.4098952	0.4074794	0.3945548	0.3667275	0.3517939	0.3337343	0.02704618	0.02032891	0.01629638	0.01624755	0.01536304	0	0	0	0	0	0	0	0	0	0	0	0	0	0	0	0	0	0	
0.6625565	0.662168	0.6562648	0.6196709	0.6166916	0.6152399	0.6068356	0.5665188	0.553016	0.5425021	0.5353636	0.5338613	0.4535603	0.4489707	0.4423611	0.4388466	0.4303513	0.4098952	0.4074794	0.3945548	0.01713611	0.01700315	0.01666236	0.01623252	0.01593258	0.01053737	0.004407027	0	0	0	0	0	0	0	0	0	0	0	0	0	0	0	0	0	0	0	
0.6625565	0.662168	0.6562648	0.6196709	0.6166916	0.6152399	0.6068356	0.5665188	0.553016	0.5425021	0.5353636	0.5338613	0.4535603	0.4489707	0.4423611	0.4388466	0.4303513	0.4098952	0.4074794	0.3945548	0.3205625	0.03608364	0.0330144	0.03084203	0.03032342	0.02426413	0.01870916	0.01072968	0.008730638	0	0	0	0	0	0	0	0	0	0	0	0	0	0	0	0	0	
0.6625565	0.662168	0.6562648	0.6196709	0.6166916	0.6152399	0.6068356	0.5878572	0.5665188	0.553016	0.5425021	0.5353636	0.5338613	0.4535603	0.4489707	0.4423611	0.4388466	0.4303513	0.4098952	0.4074794	0.3945548	0.2381777	0.05355952	0.03134711	0.02848078	0.02180028	0.02084573	0.01861172	0.01804855	0.01096125	0.007629857	0	0	0	0	0	0	0	0	0	0	0	0	0	0	0	
0.6625565	0.662168	0.6562648	0.6196709	0.6166916	0.6152399	0.6068356	0.5878572	0.5665188	0.553016	0.5425021	0.5353636	0.5338613	0.5040574	0.4535603	0.4489707	0.4423611	0.4388466	0.4303513	0.4098952	0.4074794	0.290156	0.04896719	0.02948404	0.01954146	0.01386119	0.01153503	0.01135327	0.007791888	0	0	0	0	0	0	0	0	0	0	0	0	0	0	0	0	0	
0.6743705	0.6625565	0.662168	0.6562648	0.6196709	0.6166916	0.6152399	0.6068356	0.5878572	0.5665188	0.553016	0.5425021	0.5353636	0.5338613	0.5082415	0.5040574	0.4535603	0.4489707	0.4423611	0.4388466	0.4303513	0.4098952	0.396171	0.03359595	0.01725506	0.01356065	0.01244879	0.0113624	0.009419522	0.007617322	0.007429925	0.006304422	0	0	0	0	0	0	0	0	0	0	0	0	0	0	
0.6743705	0.6625565	0.662168	0.6562648	0.6196709	0.6166916	0.6152399	0.6068356	0.5878572	0.5665188	0.553016	0.5425021	0.5353636	0.5338613	0.5082415	0.5040574	0.4535603	0.4489707	0.4423611	0.4388466	0.02446926	0.02360332	0.020294	0.01544591	0.01309534	0.01294571	0.007991035	0	0	0	0	0	0	0	0	0	0	0	0	0	0	0	0	0	0	0	
0.6743705	0.6625565	0.662168	0.6562648	0.6196709	0.6166916	0.6152399	0.6068356	0.5878572	0.5665188	0.553016	0.5425021	0.5353636	0.5338613	0.5082415	0.5040574	0.4535603	0.4489707	0.4423611	0.4388466	0.2489544	0.2226488	0.04853056	0.03115277	0.02936547	0.01812148	0.01251124	0.01164776	0.003326136	0	0	0	0	0	0	0	0	0	0	0	0	0	0	0	0	0	
0.6743705	0.6625565	0.662168	0.6562648	0.6196709	0.6166916	0.6152399	0.6068356	0.5878572	0.5665188	0.553016	0.5425021	0.5353636	0.5338613	0.5082415	0.5040574	0.4535603	0.4489707	0.4423611	0.4388466	0.2857594	0.1348249	0.1324624	0.1159056	0.03116555	0.03031028	0.02502135	0.02333578	0.02040367	0.01793442	0.01209796	0.01148288	0.01117496	0.006854624	0.005548123	0	0	0	0	0	0	0	0	0	0	0	
0.6743705	0.6625565	0.662168	0.6562648	0.6196709	0.6166916	0.6152399	0.6068356	0.5878572	0.5665188	0.553016	0.5425021	0.5353636	0.5338613	0.5082415	0.5040574	0.4718507	0.4535603	0.4489707	0.4423611	0.4388466	0.03495188	0.03040669	0.02944757	0.02680444	0.01454145	0.01397684	0.01336266	0.01256267	0.01119074	0.00913563	0.004593689	0	0	0	0	0	0	0	0	0	0	0	0	0	0	
0.6743705	0.6625565	0.662168	0.6562648	0.6196709	0.6166916	0.6152399	0.6068356	0.5878572	0.5665188	0.553016	0.5425021	0.5353636	0.5338613	0.5082415	0.5040574	0.4718507	0.4535603	0.4489707	0.4423611	0.2001104	0.03021389	0.02453826	0.02327242	0.02249881	0.01393044	0.01029159	0.007170711	0	0	0	0	0	0	0	0	0	0	0	0	0	0	0	0	0	0	
0.6743705	0.6625565	0.662168	0.6562648	0.6196709	0.6166916	0.6152399	0.6068356	0.5878572	0.5665188	0.553016	0.5425021	0.5353636	0.5338613	0.5082415	0.5040574	0.4718507	0.4535603	0.4489707	0.4423611	0.05950989	0.02885152	0.02752018	0.02619882	0.02600068	0.02180323	0.01961316	0.0191253	0.01631002	0.01306612	0.01165401	0.01087342	0	0	0	0	0	0	0	0	0	0	0	0	0	0	
0.6743705	0.6625565	0.662168	0.6562648	0.6196709	0.6166916	0.6152399	0.6068356	0.5878572	0.5665188	0.553016	0.5425021	0.5353636	0.5338613	0.5082415	0.5040574	0.4718507	0.4535603	0.4489707	0.4423611	0.05093354	0.02443126	0.02101206	0.01517317	0.01358926	0.01143755	0.007069896	0	0	0	0	0	0	0	0	0	0	0	0	0	0	0	0	0	0	0	
0.6743705	0.6625565	0.662168	0.6562648	0.6196709	0.6166916	0.6152399	0.6068356	0.5878572	0.5665188	0.553016	0.5425021	0.5353636	0.5338613	0.5082415	0.5040574	0.4718507	0.4535603	0.4489707	0.4423611	0.01731124	0.01659733	0.01494848	0.01469548	0.01277706	0.01240018	0.01014282	0.009776512	0	0	0	0	0	0	0	0	0	0	0	0	0	0	0	0	0	0	
0.6743705	0.6625565	0.662168	0.6562648	0.6196709	0.6167329	0.6166916	0.6152399	0.6068356	0.5878572	0.5665188	0.553016	0.5425021	0.5353636	0.5338613	0.5082415	0.5040574	0.4718507	0.4535603	0.4489707	0.4423611	0.4088437	0.05337326	0.04604432	0.0255946	0.02323101	0.01995601	0.01822035	0.01687123	0.01104133	0.005696584	0	0	0	0	0	0	0	0	0	0	0	0	0	0	0	
0.6743705	0.6625565	0.662168	0.6562648	0.6196709	0.6167329	0.6166916	0.6152399	0.6068356	0.5878572	0.5665188	0.555411	0.553016	0.5425021	0.5353636	0.5338613	0.5082415	0.5040574	0.499258	0.4718507	0.4535603	0.4489707	0.05176629	0.03070719	0.02708109	0.02110049	0.01986136	0.01747529	0.01703411	0.01606365	0.01494316	0.01021251	0.007797018	0.007023527	0.003877162	0	0	0	0	0	0	0	0	0	0	0	
0.6743705	0.6625565	0.662168	0.6562648	0.6196709	0.6167329	0.6166916	0.6152399	0.6068356	0.5878572	0.5665188	0.555411	0.553016	0.5425021	0.5386129	0.5353636	0.5338613	0.5262755	0.5082415	0.5040574	0.499258	0.4718507	0.4428891	0.0261018	0.02358766	0.02045218	0.01525508	0.01506585	0.01322932	0.01279719	0.01254771	0.0121219	0.01205636	0.006045794	0	0	0	0	0	0	0	0	0	0	0	0	
0.6743705	0.6625565	0.662168	0.6562648	0.6196709	0.6167329	0.6166916	0.6152399	0.6068356	0.5878572	0.5665188	0.555411	0.553016	0.5425021	0.5386129	0.5353636	0.5338613	0.5262755	0.5082415	0.5040574	0.1693453	0.03652156	0.02794557	0.02467293	0.02096238	0.02077295	0.02061696	0.02019459	0.01676913	0.01304242	0.006244102	0	0	0	0	0	0	0	0	0	0	0	0	0	0	0	
0.6743705	0.6625565	0.662168	0.6562648	0.6196709	0.6167329	0.6166916	0.6152399	0.6068356	0.5878572	0.5665188	0.555411	0.553016	0.5425021	0.5386129	0.5353636	0.5338613	0.5262755	0.5082415	0.5040574	0.3025223	0.09080548	0.04796578	0.02748024	0.02008785	0.01890661	0.01733905	0.01729039	0.01675596	0.01442053	0.01154568	0.005961194	0	0	0	0	0	0	0	0	0	0	0	0	0	0	
0.6743705	0.6625565	0.662168	0.6562648	0.6196709	0.6167329	0.6166916	0.6152399	0.6068356	0.6011571	0.5878572	0.5665188	0.555411	0.553016	0.5425021	0.5386129	0.5353636	0.5338613	0.5262755	0.5082415	0.5040574	0.1273901	0.1114726	0.03404782	0.0284834	0.02743786	0.02247232	0.02185665	0.01160572	0.01116903	0.009877875	0.003033746	0	0	0	0	0	0	0	0	0	0	0	0	0	0	
0.6743705	0.6625565	0.662168	0.6562648	0.6196709	0.6167329	0.6166916	0.6152399	0.6068356	0.6011571	0.5878572	0.5665188	0.555411	0.553016	0.5425021	0.5386129	0.5353636	0.5338613	0.5262755	0.5082415	0.4618551	0.08594122	0.05273802	0.02990255	0.02915189	0.02604929	0.02273343	0.02068874	0.01548295	0.01223749	0.01159163	0.008824412	0.008195392	0	0	0	0	0	0	0	0	0	0	0	0	0	
0.6743705	0.6625565	0.662168	0.6562648	0.6196709	0.6167329	0.6166916	0.6152399	0.6068356	0.6011571	0.5878572	0.5665188	0.555411	0.553016	0.5425021	0.5386129	0.5353636	0.5338613	0.5262755	0.5082415	0.09583281	0.0525077	0.03569689	0.01360386	0.0130631	0.009530753	0.00883275	0	0	0	0	0	0	0	0	0	0	0	0	0	0	0	0	0	0	0	
0.6743705	0.6625565	0.662168	0.6562648	0.6196709	0.6167329	0.6166916	0.6152399	0.6068356	0.6011571	0.5878572	0.57914	0.5665188	0.555411	0.553016	0.5425021	0.5386129	0.5353636	0.5338613	0.5262755	0.5082415	0.02927487	0.02215985	0.01478063	0.01458891	0.01405851	0.01389499	0.01327651	0.01295176	0.01153293	0.01073819	0.009852706	0	0	0	0	0	0	0	0	0	0	0	0	0	0	
0.6743705	0.6625565	0.662168	0.6610643	0.6562648	0.6196709	0.6167329	0.6166916	0.6152399	0.6068356	0.6011571	0.5878572	0.57914	0.5665188	0.555411	0.553016	0.5425021	0.5386129	0.5353636	0.5338613	0.5262755	0.4351538	0.3679954	0.1829804	0.03966215	0.01656182	0.01541961	0.01160073	0.01147511	0	0	0	0	0	0	0	0	0	0	0	0	0	0	0	0	0	
0.6743705	0.6625565	0.662168	0.6610643	0.6562648	0.6196709	0.6167329	0.6166916	0.6152399	0.6068356	0.6011571	0.5878572	0.57914	0.5760259	0.5665188	0.555411	0.553016	0.5425021	0.5386129	0.5353636	0.5338613	0.3405646	0.2858271	0.02939838	0.02638446	0.02636697	0.02562045	0.02238844	0.01560816	0.01250035	0.01249693	0.01209903	0	0	0	0	0	0	0	0	0	0	0	0	0	0	
0.6743705	0.6625565	0.662168	0.6610643	0.6562648	0.6196709	0.6167329	0.6166916	0.6152399	0.6068356	0.6011571	0.5878572	0.57914	0.5760259	0.5665188	0.555411	0.553016	0.5425021	0.5386129	0.5353636	0.344665	0.1053297	0.08574942	0.02791814	0.0268941	0.02456513	0.01785583	0.01698766	0.01075717	0.009698919	0.006717283	0.006656182	0.001727935	0.001003743	0	0	0	0	0	0	0	0	0	0	0	0	
0.6743705	0.6625565	0.662168	0.6610643	0.6562648	0.6196709	0.6167329	0.6166916	0.6152399	0.6068356	0.6011571	0.5878572	0.57914	0.5760259	0.5665188	0.555411	0.553016	0.5425021	0.5386129	0.5353636	0.02444592	0.02402301	0.0227678	0.02013318	0.02008437	0.01968804	0.01712568	0.01360856	0.01315102	0.01265994	0.01211535	0.008857914	0	0	0	0	0	0	0	0	0	0	0	0	0	0	
0.6743705	0.6625565	0.662168	0.6610643	0.6562648	0.6196709	0.6167329	0.6166916	0.6152399	0.6068356	0.6011571	0.5878572	0.57914	0.5760259	0.5665188	0.555411	0.553016	0.5425021	0.5386129	0.5353636	0.2894986	0.03045244	0.02851193	0.02538258	0.02476175	0.02152207	0.01287047	0.007711704	0.006091672	0	0	0	0	0	0	0	0	0	0	0	0	0	0	0	0	0	
0.6743705	0.6625565	0.662168	0.6610643	0.6562648	0.6196709	0.6167329	0.6166916	0.6152399	0.6068356	0.6033927	0.6011571	0.5878572	0.5815515	0.57914	0.5760259	0.5665188	0.555411	0.553016	0.5425021	0.5386129	0.5353636	0.4909677	0.08068614	0.02792669	0.02398646	0.02332711	0.02027818	0.02006975	0.01963769	0.01584159	0.0136752	0.01297308	0.0123568	0.01128585	0.01049557	0.01021961	0.009906311	0	0	0	0	0	0	0	0	
0.6783397	0.6743705	0.6625565	0.662168	0.6610643	0.6562648	0.6196709	0.6167329	0.6166916	0.6152399	0.6068356	0.6033927	0.6011571	0.5878572	0.5815515	0.57914	0.5760259	0.5665188	0.5646847	0.555411	0.553016	0.5425021	0.3017783	0.0412238	0.02692628	0.02610599	0.02477056	0.01795919	0.0136803	0.01310448	0.01018392	0.0065089	0.005485549	0	0	0	0	0	0	0	0	0	0	0	0	0	
0.6783397	0.6743705	0.6625565	0.662168	0.6610643	0.6562648	0.6196709	0.6167329	0.6166916	0.6152399	0.6068356	0.6033927	0.6011571	0.5878572	0.5815515	0.57914	0.5760259	0.5665188	0.5646847	0.555411	0.5391162	0.506811	0.4880034	0.1151371	0.02477455	0.02182709	0.01446596	0.01076618	0.009907089	0	0	0	0	0	0	0	0	0	0	0	0	0	0	0	0	0	
0.6783397	0.6743705	0.670801	0.6625565	0.662168	0.6610643	0.6562648	0.6196709	0.6167329	0.6166916	0.6152399	0.6068356	0.6033927	0.6011571	0.5878572	0.5815515	0.57914	0.5760259	0.5665188	0.5646847	0.555411	0.1384906	0.04529852	0.02273075	0.01779375	0.01766137	0.01173671	0.01103838	0	0	0	0	0	0	0	0	0	0	0	0	0	0	0	0	0	0	
0.6783397	0.6743705	0.670801	0.6625565	0.662168	0.6610643	0.6562648	0.6196709	0.6167329	0.6166916	0.6152399	0.6068356	0.6033927	0.6011571	0.5878572	0.5815515	0.57914	0.5760259	0.5665188	0.5646847	0.09807831	0.05411737	0.0327972	0.01895435	0.01219858	0.0108835	0.0100273	0.009283204	0.009021159	0	0	0	0	0	0	0	0	0	0	0	0	0	0	0	0	0	
0.6783397	0.6743705	0.670801	0.6625565	0.662168	0.6610643	0.6562648	0.6196709	0.6167329	0.6166916	0.6152399	0.6068356	0.6033927	0.6011571	0.5878572	0.5815515	0.57914	0.5760259	0.5665188	0.5646847	0.5027589	0.02525984	0.02498795	0.01869343	0.01727951	0.01701744	0.01360448	0.01272963	0.01135864	0.008161177	0	0	0	0	0	0	0	0	0	0	0	0	0	0	0	0	
0.6783397	0.6743705	0.670801	0.6625565	0.662168	0.6610643	0.6562648	0.6196709	0.6167329	0.6166916	0.6152399	0.6068356	0.6033927	0.6011571	0.5878572	0.5815515	0.57914	0.5760259	0.5665188	0.5646847	0.0347769	0.02585129	0.02322203	0.02268895	0.02146763	0.01876102	0.01869116	0.01740833	0.01552828	0.01547774	0.01376972	0.001464429	0	0	0	0	0	0	0	0	0	0	0	0	0	0	
0.6783397	0.6743705	0.670801	0.6625565	0.662168	0.6610643	0.6562648	0.6196709	0.6167329	0.6166916	0.6152399	0.6068356	0.6033927	0.6011571	0.5878572	0.5815515	0.57914	0.5760259	0.5665188	0.5646847	0.02786164	0.02295637	0.01684389	0.01051471	0.009131571	0.007445335	0	0	0	0	0	0	0	0	0	0	0	0	0	0	0	0	0	0	0	0	
0.6783397	0.6743705	0.670801	0.6625565	0.662168	0.6610643	0.6562648	0.6196709	0.6167329	0.6166916	0.6152399	0.6068356	0.6033927	0.6011571	0.5878572	0.5815515	0.57914	0.5760259	0.5665188	0.5646847	0.392176	0.1014277	0.02527879	0.02195752	0.01693743	0.0167823	0.01368717	0.0136606	0.01215933	0.008412212	0.0063165	0	0	0	0	0	0	0	0	0	0	0	0	0	0	0	
0.6783397	0.6743705	0.670801	0.6645947	0.6625565	0.662168	0.6610643	0.6562648	0.6196709	0.6167329	0.6166916	0.6152399	0.6068356	0.6033927	0.6011571	0.5878572	0.5815515	0.57914	0.5760259	0.5665188	0.5646847	0.0196972	0.01819632	0.01548493	0.01528656	0.01295009	0.0115269	0.01097139	0.01023363	0	0	0	0	0	0	0	0	0	0	0	0	0	0	0	0	0	
0.6783397	0.6743705	0.670801	0.6645947	0.6625565	0.662168	0.6610643	0.6562648	0.6196709	0.6167329	0.6166916	0.6152399	0.6068356	0.6033927	0.6011571	0.5878572	0.5815515	0.57914	0.5760259	0.5665188	0.1711204	0.1581185	0.04382239	0.01928787	0.01544518	0.0153133	0.01189592	0.01183621	0.01166445	0.01096893	0.01086584	0	0	0	0	0	0	0	0	0	0	0	0	0	0	0	
0.6783397	0.6743705	0.670801	0.6677078	0.6645947	0.6625565	0.662168	0.6610643	0.6562648	0.6528232	0.6196709	0.6167329	0.6166916	0.6152399	0.6068356	0.6033927	0.6011571	0.5878572	0.5815515	0.57914	0.5760259	0.5665188	0.05785104	0.03217799	0.02898488	0.02249935	0.02144922	0.01966461	0.01881675	0.01175471	0.0107454	0.003072035	0	0	0	0	0	0	0	0	0	0	0	0	0	0	
0.6783397	0.6743705	0.670801	0.6677078	0.6645947	0.6625565	0.662168	0.6610643	0.6562648	0.6528232	0.6196709	0.6167329	0.6166916	0.6152399	0.6068356	0.6033927	0.6011571	0.5878572	0.5815515	0.57914	0.3106718	0.1141744	0.1007392	0.08382786	0.03387872	0.02728334	0.01754557	0.01420634	0.01325855	0.012273	0.00976273	0.008661411	0.008113676	0.000631644	0	0	0	0	0	0	0	0	0	0	0	0	
0.6783397	0.6743705	0.670801	0.6677078	0.6645947	0.6625565	0.662168	0.6610643	0.6562648	0.6528232	0.6196709	0.6167329	0.6166916	0.6152399	0.6068356	0.6033927	0.6011571	0.5878572	0.5815515	0.57914	0.5743589	0.423802	0.08621722	0.07669675	0.03474101	0.03248347	0.02783301	0.02574578	0.01606497	0.01481461	0.007845216	0	0	0	0	0	0	0	0	0	0	0	0	0	0	0	
0.6783397	0.6743705	0.670801	0.6677078	0.6645947	0.6625565	0.662168	0.6610643	0.6562648	0.6528232	0.6196709	0.6167329	0.6166916	0.6152399	0.6068356	0.6033927	0.6011571	0.5878572	0.5815515	0.57914	0.3853249	0.02313955	0.0209233	0.01904474	0.01644881	0.01489407	0.01039174	0.009572306	0.008700604	0.006157689	0	0	0	0	0	0	0	0	0	0	0	0	0	0	0	0	
0.6783397	0.6743705	0.670801	0.6677078	0.6645947	0.6625565	0.662168	0.6610643	0.6562648	0.6528232	0.6196709	0.6167329	0.6166916	0.6152399	0.6068356	0.6033927	0.6011571	0.5878572	0.5815515	0.57914	0.02925349	0.0210583	0.01255814	0.008297193	0.001066775	0	0	0	0	0	0	0	0	0	0	0	0	0	0	0	0	0	0	0	0	0	
0.6783397	0.6743705	0.670801	0.6677078	0.6645947	0.6625565	0.662168	0.6610643	0.6562648	0.6528232	0.6407897	0.6196709	0.6167329	0.6166916	0.6152399	0.6068356	0.6033927	0.6011571	0.5878572	0.5815515	0.57914	0.2914898	0.2585837	0.02777337	0.01528942	0.01473598	0.01373203	0.009354054	0.004858165	0.001926218	0	0	0	0	0	0	0	0	0	0	0	0	0	0	0	0	
0.6783397	0.6743705	0.670801	0.6677078	0.6645947	0.6625565	0.662168	0.6610643	0.6562648	0.6528232	0.6407897	0.6196709	0.6167329	0.6166916	0.6152399	0.6068356	0.6033927	0.6011571	0.5878572	0.5815515	0.4250263	0.1131137	0.03086147	0.01772509	0.01712265	0.01550969	0.01438119	0.01330631	0.01169743	0.00897454	0.00875119	0	0	0	0	0	0	0	0	0	0	0	0	0	0	0	
0.6783397	0.6743705	0.670801	0.6677078	0.6645947	0.6625565	0.662168	0.6610643	0.6562648	0.6528232	0.6407897	0.6196709	0.6167329	0.6166916	0.6152399	0.6068356	0.6033927	0.6011571	0.5899486	0.5878572	0.5815515	0.5077843	0.09651207	0.02962828	0.02894058	0.02789038	0.02739731	0.01263857	0.01124891	0.007939066	0	0	0	0	0	0	0	0	0	0	0	0	0	0	0	0	
0.6783397	0.6743705	0.670801	0.6677078	0.6645947	0.6625565	0.662168	0.6610643	0.6562648	0.6528232	0.6407897	0.6196709	0.6167329	0.6166916	0.6152399	0.6068356	0.6033927	0.6011571	0.5899486	0.5878572	0.5472221	0.5136133	0.0432432	0.03488193	0.03202163	0.02836257	0.02120546	0.01623156	0.01499213	0.01314135	0.01277531	0.01002197	0.008191754	0	0	0	0	0	0	0	0	0	0	0	0	0	
0.6783397	0.6743705	0.670801	0.6677078	0.6645947	0.6625565	0.662361	0.662168	0.6610643	0.6562648	0.6528232	0.6407897	0.6196709	0.6167329	0.6166916	0.6152399	0.6141194	0.6068356	0.6033927	0.6011571	0.5899486	0.5878572	0.5852419	0.2954937	0.1815938	0.02729261	0.02369817	0.02352919	0.02180691	0.01966792	0.01769535	0.01730184	0.01000447	0.007557701	0	0	0	0	0	0	0	0	0	0	0	0	
0.6818737	0.6783397	0.6743705	0.670801	0.6677078	0.6645947	0.6625565	0.662361	0.662168	0.6610643	0.6607305	0.6562648	0.6528232	0.6407897	0.6196709	0.6167329	0.6166916	0.6152399	0.6141194	0.6068356	0.6033927	0.6011571	0.3932331	0.06837953	0.02951637	0.02777575	0.02008058	0.01710736	0.009961815	0.00956218	0	0	0	0	0	0	0	0	0	0	0	0	0	0	0	0	
0.6818737	0.6783397	0.6743705	0.670801	0.6677078	0.6645947	0.6625565	0.662361	0.662168	0.6610643	0.6607305	0.6580542	0.6562648	0.6528232	0.6407897	0.6196709	0.6167329	0.6166916	0.6152399	0.6141194	0.6068356	0.06226653	0.04908071	0.03682828	0.02970845	0.01998285	0.0123234	0.01059571	0.01053228	0.009518315	0.009429576	0.007021487	0.004277679	0	0	0	0	0	0	0	0	0	0	0	0	0	
0.6818737	0.6783397	0.6743705	0.670801	0.6677078	0.6645947	0.6625565	0.662361	0.662168	0.6610643	0.6607305	0.6580542	0.6562648	0.6528232	0.6407897	0.6196709	0.6167329	0.6166916	0.6152399	0.6141194	0.3299918	0.02368178	0.02135404	0.01874355	0.01692596	0.01253045	0.01195461	0.01087218	0.009050158	0.008664759	0.008515365	0.00669477	0	0	0	0	0	0	0	0	0	0	0	0	0	0	
0.6818737	0.6783397	0.6743705	0.670801	0.6677078	0.6645947	0.6625565	0.662361	0.662168	0.6610643	0.6607305	0.6580542	0.6562648	0.6528232	0.6407897	0.6196709	0.6167329	0.6166916	0.6152399	0.6141194	0.4909586	0.0253136	0.01806705	0.0176845	0.01593616	0.01074922	0.01066306	0.009664187	0.002073291	0	0	0	0	0	0	0	0	0	0	0	0	0	0	0	0	0	
0.6818737	0.6783397	0.6743705	0.670801	0.6677078	0.6645947	0.6625565	0.662361	0.662168	0.6610643	0.6607305	0.6580542	0.6562648	0.6528232	0.6407897	0.6196709	0.6167329	0.6166916	0.6152399	0.6141194	0.5657611	0.03091319	0.02644878	0.02468907	0.01941275	0.01439931	0.0138407	0.0108133	0.009495044	0.006836442	0.006222536	0	0	0	0	0	0	0	0	0	0	0	0	0	0	0	
0.6818737	0.6783397	0.6743705	0.670801	0.6677078	0.6645947	0.6625565	0.662361	0.662168	0.6610643	0.6607305	0.6580542	0.6562648	0.6528232	0.6407897	0.6196709	0.6167329	0.6166916	0.6152399	0.6141194	0.3508622	0.09901375	0.03835804	0.02458718	0.02084797	0.01926777	0.014002	0.01100547	0.009320272	0.008851798	0.008811471	0.007748787	0.0005385389	0	0	0	0	0	0	0	0	0	0	0	0	0	
0.6818737	0.6783397	0.6743705	0.670801	0.6677078	0.6645947	0.6625565	0.662361	0.662168	0.6610643	0.6607305	0.6580542	0.6562648	0.6528232	0.6407897	0.6196709	0.6167329	0.6166916	0.6152399	0.6141194	0.08304331	0.02905859	0.02316509	0.01706513	0.01223215	0.01159953	0.01107041	0.009860761	0.008953185	0.008703788	0.007062347	0.006463833	0	0	0	0	0	0	0	0	0	0	0	0	0	0	
0.6818737	0.6783397	0.6743705	0.670801	0.6677078	0.6645947	0.6625565	0.662361	0.662168	0.6610643	0.6607305	0.6580542	0.6562648	0.6528232	0.6407897	0.6196709	0.6167329	0.6166916	0.6152399	0.6141194	0.08986287	0.04517383	0.02871132	0.0218349	0.02137855	0.0182202	0.01760844	0.01125369	0.009900114	0.009359204	0	0	0	0	0	0	0	0	0	0	0	0	0	0	0	0	
0.6818737	0.6783397	0.6743705	0.670801	0.6677078	0.6645947	0.6625565	0.662361	0.662168	0.6610643	0.6607305	0.6580542	0.656826	0.6562648	0.6528232	0.6407897	0.6196709	0.6167329	0.6166916	0.6152399	0.6141194	0.5750068	0.2812265	0.1267877	0.08432866	0.02992815	0.02327975	0.0223295	0.01788501	0.01393219	0.01381611	0.01248703	0.009443001	0.008636272	0.006541329	0	0	0	0	0	0	0	0	0	0	0	
0.6818737	0.6783397	0.6743705	0.670801	0.6677078	0.6645947	0.6625565	0.662361	0.662168	0.6610643	0.6607305	0.6580542	0.656826	0.6562648	0.6528232	0.6407897	0.6196709	0.6167329	0.6166916	0.6152399	0.3362782	0.1367787	0.1177001	0.02494604	0.01992809	0.01465812	0.01388561	0.0138238	0.01150469	0.01085995	0.009262983	0.007113648	0	0	0	0	0	0	0	0	0	0	0	0	0	0	
0.6818737	0.6783397	0.6743705	0.670801	0.6677078	0.6645947	0.6625565	0.662361	0.662168	0.6610643	0.6607305	0.6584512	0.6580542	0.656826	0.6562648	0.6528232	0.6407897	0.6196709	0.6167329	0.6166916	0.6152399	0.2393772	0.1257167	0.106414	0.03070686	0.02998806	0.01564713	0.01540484	0.01334531	0.01303734	0.009391702	0	0	0	0	0	0	0	0	0	0	0	0	0	0	0	
0.6818737	0.6783397	0.6743705	0.670801	0.6677078	0.6645947	0.6625565	0.662361	0.662168	0.6610643	0.6607305	0.6584512	0.6580542	0.656826	0.6562648	0.6528232	0.6407897	0.6196709	0.6167329	0.6166916	0.2120073	0.02790345	0.02446032	0.02313461	0.02065999	0.01507789	0.01492077	0.01353949	0.01242173	0.01136118	0.007555455	0.006746233	0.005879279	0.002685665	0	0	0	0	0	0	0	0	0	0	0	0	
0.6818737	0.6783397	0.6743705	0.670801	0.6677078	0.6645947	0.6625565	0.662361	0.662168	0.6610643	0.6607305	0.6584512	0.6580542	0.656826	0.6562648	0.6528232	0.6407897	0.6196709	0.6167329	0.6166916	0.5477438	0.339962	0.03254433	0.03237948	0.02753635	0.02481137	0.0207656	0.01606151	0.01437279	0.01344931	0.01240313	0.01038613	0.008341475	0.002900354	0	0	0	0	0	0	0	0	0	0	0	0	
0.6818737	0.6783397	0.6743705	0.670801	0.6677078	0.6657647	0.6645947	0.6625565	0.662361	0.662168	0.6610643	0.6607305	0.6584512	0.6580542	0.656826	0.6562648	0.6528232	0.6407897	0.6196709	0.6167329	0.6166916	0.03102834	0.02593454	0.02483763	0.02223256	0.02193581	0.01919906	0.01766668	0.01328295	0.01242876	0.01195959	0.006104162	0	0	0	0	0	0	0	0	0	0	0	0	0	0	
0.6818737	0.6783397	0.6743705	0.670801	0.6677078	0.6657647	0.6650169	0.6645947	0.6625565	0.662361	0.662168	0.6610643	0.6607305	0.6584512	0.6580542	0.656826	0.6562648	0.6528232	0.6407897	0.6196709	0.6167329	0.1033205	0.02854624	0.02619853	0.02214152	0.01528625	0.01525822	0.01417534	0.01249327	0.01188682	0.00878092	0.008424222	0	0	0	0	0	0	0	0	0	0	0	0	0	0	
0.6818737	0.6783397	0.6743705	0.670801	0.6677078	0.6657647	0.6650169	0.6645947	0.6625565	0.662361	0.662168	0.6610643	0.6607305	0.6584512	0.6580542	0.656826	0.6562648	0.6528232	0.6407897	0.6196709	0.6046537	0.5086538	0.4474421	0.03317475	0.03073528	0.0211762	0.01965442	0.0128501	0.01267611	0	0	0	0	0	0	0	0	0	0	0	0	0	0	0	0	0	
0.6818737	0.6783397	0.6743705	0.670801	0.6677078	0.6657647	0.6650169	0.6645947	0.6625565	0.662361	0.662168	0.6610643	0.6607305	0.6584512	0.6580542	0.656826	0.6562648	0.6528232	0.6517881	0.6407897	0.6196709	0.2165469	0.02992573	0.01580468	0.01408074	0.01405759	0.01225681	0	0	0	0	0	0	0	0	0	0	0	0	0	0	0	0	0	0	0	
0.6818737	0.6783397	0.6743705	0.670801	0.6677078	0.6657647	0.6650169	0.6645947	0.6625565	0.662361	0.662168	0.6610643	0.6607305	0.6584512	0.6580542	0.656826	0.6562648	0.6528232	0.6517881	0.6407897	0.04764455	0.03829052	0.02829753	0.01967231	0.01733377	0.01470391	0.01142357	0.01014643	0.01008721	0.00891888	0.005468844	0	0	0	0	0	0	0	0	0	0	0	0	0	0	0	
0.6818737	0.6783397	0.6743705	0.670801	0.6677078	0.6664503	0.6657647	0.6650169	0.6645947	0.6625565	0.662361	0.662168	0.6610643	0.6607305	0.6584512	0.6580542	0.656826	0.6562648	0.6528232	0.6517881	0.6407897	0.4659783	0.06773137	0.03159522	0.02930733	0.02226881	0.02193357	0.01881979	0.01863246	0.01384202	0.01222834	0.0106627	0.006923474	0	0	0	0	0	0	0	0	0	0	0	0	0	
0.6818737	0.6783397	0.6743705	0.670801	0.6677078	0.6664503	0.6657647	0.6650169	0.6645947	0.663339	0.6625565	0.662361	0.662168	0.6610643	0.6607305	0.6584512	0.6580542	0.656826	0.6562648	0.6528232	0.6517881	0.1213006	0.07620587	0.02570588	0.02356721	0.02087009	0.0191591	0.01612858	0.01234967	0.01150061	0.01077883	0.009697837	0	0	0	0	0	0	0	0	0	0	0	0	0	0	
0.6818737	0.6783397	0.6743705	0.670801	0.6677078	0.6664503	0.6657647	0.6650169	0.6645947	0.663339	0.6625565	0.662361	0.662168	0.6610643	0.6607305	0.6584512	0.6580542	0.656826	0.6562648	0.6528232	0.6001336	0.5881365	0.4584664	0.346287	0.02405422	0.02253217	0.01769087	0.01200288	0.01099431	0.0105842	0.01017809	0.009836311	0.005996575	0	0	0	0	0	0	0	0	0	0	0	0	0	
0.6818737	0.6783397	0.6743705	0.670801	0.6677078	0.6664503	0.6657647	0.6650169	0.6645947	0.663339	0.6625565	0.662361	0.662168	0.6610643	0.6607305	0.6584512	0.6580542	0.656826	0.6562648	0.6528232	0.5978509	0.5267756	0.1856914	0.1367927	0.02814624	0.02100395	0.0161397	0.0134576	0.01047907	0.001535798	7.586208E-05	0	0	0	0	0	0	0	0	0	0	0	0	0	0	0	
0.6818737	0.6783397	0.6743705	0.670801	0.6677078	0.6664503	0.6657647	0.6650169	0.6645947	0.663339	0.6625565	0.662361	0.662168	0.6610643	0.6607305	0.6584512	0.6580542	0.656826	0.6562648	0.6528232	0.6509032	0.5632618	0.231857	0.03028364	0.02948837	0.02526628	0.02172426	0.02025331	0.01680295	0.01620677	0.01394883	0.0127934	0	0	0	0	0	0	0	0	0	0	0	0	0	0	
0.6818737	0.6783397	0.6743705	0.670801	0.6677078	0.6664503	0.6657647	0.6650169	0.6645947	0.663339	0.6625565	0.662361	0.662168	0.6610643	0.6607305	0.6584512	0.6580542	0.656826	0.6562648	0.6528232	0.622447	0.03862358	0.03201424	0.02950355	0.02173607	0.01834003	0.01472668	0.01242291	0	0	0	0	0	0	0	0	0	0	0	0	0	0	0	0	0	0	
0.6977911	0.6818737	0.6783397	0.6743705	0.670801	0.6677078	0.6664503	0.6657647	0.6650169	0.6645947	0.663339	0.6625565	0.662361	0.662168	0.6610643	0.6607305	0.6584512	0.6580542	0.656826	0.6562648	0.6528232	0.6149374	0.5712689	0.04815895	0.02918751	0.02779267	0.02590228	0.02036363	0.01881978	0.01277635	0.009048788	0	0	0	0	0	0	0	0	0	0	0	0	0	0	0	
0.6977911	0.6818737	0.6783397	0.6743705	0.670801	0.6677078	0.6664503	0.6659658	0.6657647	0.6650169	0.6645947	0.663339	0.6625565	0.662361	0.662168	0.6610643	0.6607305	0.6584512	0.6580542	0.656826	0.6562648	0.6376935	0.1720102	0.1005498	0.02461782	0.02183176	0.02143036	0.02067411	0.01876527	0.01770598	0.01768638	0.01308219	0.009310694	0.008727117	0.006575552	0.005097034	0	0	0	0	0	0	0	0	0	0	
0.6977911	0.6818737	0.6783397	0.6743705	0.670801	0.6677078	0.6664503	0.6659658	0.6657647	0.6650169	0.6645947	0.663339	0.6625565	0.662361	0.662168	0.6610643	0.6607305	0.6584512	0.6580542	0.656826	0.5080576	0.1101688	0.06479536	0.05005113	0.03340883	0.02429525	0.0227132	0.01937983	0.01142813	0.01063813	0.008629621	0.004908713	0.0001989141	0	0	0	0	0	0	0	0	0	0	0	0	0	
0.6977911	0.6818737	0.6783397	0.6743705	0.670801	0.6677078	0.6664503	0.6659658	0.6657647	0.6650169	0.6645947	0.663339	0.6625565	0.662361	0.662168	0.6611751	0.6610643	0.6607305	0.6584512	0.6580542	0.656826	0.4783183	0.3285869	0.1653003	0.07042708	0.04756078	0.03275944	0.01444446	0.01082047	0.01020151	0.008454341	0.005743055	0.005681243	0	0	0	0	0	0	0	0	0	0	0	0	0	
0.6977911	0.6818737	0.6783397	0.6743705	0.670801	0.6677078	0.6664503	0.6659658	0.6657647	0.6650169	0.6645947	0.663339	0.6625565	0.662361	0.662168	0.6611751	0.6610643	0.6607305	0.6584512	0.6580542	0.6394822	0.625585	0.5776508	0.1034367	0.0246285	0.01952219	0.01562114	0.01458896	0.01405098	0.01378367	0.01340121	0.01206954	0.01205606	0.007774832	0	0	0	0	0	0	0	0	0	0	0	0	
0.6977911	0.6818737	0.6783397	0.6743705	0.670801	0.6677078	0.6664503	0.6659658	0.6657647	0.6650169	0.6645947	0.663339	0.6625565	0.662361	0.6622908	0.662168	0.6611751	0.6610643	0.6607305	0.6584512	0.6580542	0.0329606	0.02681787	0.02114269	0.0209667	0.02084474	0.01210404	0.01146749	0.0113573	0	0	0	0	0	0	0	0	0	0	0	0	0	0	0	0	0	
0.6977911	0.6818737	0.6783397	0.6743705	0.670801	0.6677078	0.6664503	0.6659658	0.6657647	0.6650169	0.6645947	0.663339	0.6625565	0.662361	0.6622908	0.662168	0.6611751	0.6610643	0.6607305	0.6584512	0.6345108	0.4467974	0.1117006	0.02892071	0.02809514	0.02782857	0.02659865	0.02320475	0.01736601	0.01428603	0.0138278	0.0133599	0.009005432	0.00796819	0	0	0	0	0	0	0	0	0	0	0	0	
0.6977911	0.6818737	0.6783397	0.6743705	0.670801	0.6677078	0.6664503	0.6659658	0.6657647	0.6650169	0.6645947	0.663339	0.6625565	0.662361	0.6622908	0.662168	0.6611751	0.6610643	0.6607305	0.6584512	0.6058822	0.5172842	0.5040538	0.03647105	0.02858606	0.0213134	0.02092734	0.02000656	0.01450559	0.01279388	0.01087976	0.01028636	0.008592387	0.006200672	0	0	0	0	0	0	0	0	0	0	0	0	
0.6977911	0.6818737	0.678867	0.6783397	0.6743705	0.670801	0.6677078	0.6664503	0.6659658	0.6657647	0.6650169	0.6645947	0.663339	0.6625565	0.662361	0.6622908	0.662168	0.6611751	0.6610643	0.6607305	0.6584512	0.3044798	0.02355386	0.02351505	0.0222766	0.02112684	0.0198349	0.01936795	0.01836442	0.01731608	0.01622261	0.01521146	0.01493812	0.01090158	0.009308851	0.009279037	0	0	0	0	0	0	0	0	0	0	
0.6977911	0.6818737	0.678867	0.6783397	0.6743705	0.670801	0.6677078	0.6664503	0.6659658	0.6657647	0.6650169	0.6645947	0.663339	0.6625565	0.662361	0.6622908	0.662168	0.6611751	0.6610643	0.6607305	0.5491613	0.04582882	0.02709804	0.01888345	0.01519576	0.01408129	0.01153404	0.01096131	0.008734651	0	0	0	0	0	0	0	0	0	0	0	0	0	0	0	0	0	
0.6977911	0.6818737	0.678867	0.6783397	0.6743705	0.670801	0.6677078	0.6664503	0.6659658	0.6657647	0.6650169	0.6645947	0.663339	0.6625565	0.662361	0.6622908	0.662168	0.6611751	0.6610643	0.6607305	0.6461999	0.3390272	0.2898892	0.02047567	0.01689355	0.0161106	0.01583551	0.01570238	0.01525702	0.01010891	0	0	0	0	0	0	0	0	0	0	0	0	0	0	0	0	
0.6996354	0.6977911	0.6818737	0.678867	0.6783397	0.6743705	0.670801	0.6677078	0.6664503	0.6659658	0.6657647	0.6650169	0.6645947	0.663339	0.6625565	0.662361	0.6622908	0.662168	0.6620281	0.6611751	0.6610643	0.6607305	0.560029	0.4672868	0.08003966	0.03833446	0.03348601	0.03154333	0.02342038	0.02182211	0.02087993	0.01327952	0.01094879	0.005233697	0.002670387	0	0	0	0	0	0	0	0	0	0	0	
0.6996354	0.6977911	0.6818737	0.678867	0.6783397	0.6743705	0.670801	0.6695723	0.6677078	0.6664503	0.6659658	0.6657647	0.6650169	0.6645947	0.663339	0.6625565	0.662361	0.6622908	0.662168	0.6620281	0.6611751	0.6140974	0.4928418	0.03845446	0.02951494	0.0200446	0.01925846	0.01754076	0.01350607	0.01311453	0.01111897	0.009214028	0	0	0	0	0	0	0	0	0	0	0	0	0	0	
0.6996354	0.6977911	0.6832658	0.6818737	0.678867	0.6783397	0.6743705	0.670801	0.6695723	0.6677078	0.6664503	0.6659658	0.6657647	0.6650169	0.6645947	0.663339	0.6625565	0.662361	0.6622908	0.662168	0.6620281	0.6219785	0.1587608	0.1394713	0.02612416	0.02091977	0.01760045	0.01731492	0.01268113	0.01138592	0.01038428	0.007898134	0	0	0	0	0	0	0	0	0	0	0	0	0	0	
0.6996354	0.6977911	0.6904584	0.6832658	0.6818737	0.678867	0.6783397	0.6743705	0.670801	0.6695723	0.6678119	0.6677078	0.6664503	0.6659658	0.6657647	0.6650169	0.6645947	0.663339	0.6625565	0.662361	0.6622908	0.662168	0.03651127	0.02666772	0.02312338	0.02141468	0.0183936	0.01785987	0.01529017	0.01248008	0.01245076	0.008901133	0.008385464	0.003815895	0	0	0	0	0	0	0	0	0	0	0	0	
0.6996354	0.6977911	0.6904584	0.6832658	0.6818737	0.678867	0.6783397	0.6743705	0.670801	0.6695723	0.6678119	0.6677078	0.6664503	0.6659658	0.6657647	0.6650169	0.6645947	0.663339	0.6625565	0.662361	0.02378787	0.01696768	0.01268637	0.01167486	0.009880947	0.006491598	0	0	0	0	0	0	0	0	0	0	0	0	0	0	0	0	0	0	0	0	
0.6996354	0.6977911	0.6904584	0.6832658	0.6818737	0.678867	0.6784278	0.6783397	0.6743705	0.670801	0.6695723	0.6678119	0.6677078	0.6664503	0.6659658	0.6657647	0.6650169	0.6645947	0.663339	0.6625565	0.662361	0.6326921	0.1166779	0.02728238	0.0258265	0.02564872	0.02377359	0.02263176	0.01875245	0.01841499	0.01378521	0.01321295	0.01111965	0.010232	0.01014053	0	0	0	0	0	0	0	0	0	0	0	
0.6996354	0.6977911	0.6904584	0.6832658	0.6818737	0.678867	0.6784278	0.6783397	0.6743705	0.670801	0.6695723	0.6678119	0.6677078	0.6664503	0.6659658	0.6657647	0.6650169	0.6645947	0.663339	0.6625565	0.6594022	0.6065037	0.4438854	0.08307649	0.03007216	0.02548159	0.02099959	0.01365368	0.01125417	0.01101191	0.009235653	0.009096754	0.008218863	0.007596862	0.002328307	0	0	0	0	0	0	0	0	0	0	0	
0.6996354	0.6977911	0.6904584	0.6832658	0.6818737	0.678867	0.6784278	0.6783397	0.6743705	0.670801	0.6695723	0.6693268	0.6678119	0.6677078	0.6664503	0.6659658	0.6657647	0.6650169	0.6645947	0.663339	0.6625565	0.6546409	0.3192437	0.02832049	0.02752945	0.02533345	0.02208534	0.01672696	0.01529361	0.01171209	0.01126355	0.01008451	0.009530534	0.006115365	0	0	0	0	0	0	0	0	0	0	0	0	
0.6996354	0.6977911	0.6904584	0.6832658	0.6818737	0.678867	0.6784278	0.6783397	0.6747683	0.6743705	0.670801	0.6695723	0.6693268	0.6678119	0.6677078	0.6664503	0.6659658	0.6657647	0.6650169	0.6645947	0.663339	0.6196274	0.4999196	0.4615099	0.04859675	0.0290986	0.02786001	0.02364356	0.02301841	0.02213618	0.02190004	0.02073517	0.01913072	0.01409783	0.01337049	0.01169998	0.00900366	0	0	0	0	0	0	0	0	0	
0.6996354	0.6977911	0.6904584	0.6832658	0.6818737	0.678867	0.6784278	0.6783397	0.6747683	0.6743705	0.670801	0.6695723	0.6693268	0.6678119	0.6677078	0.6664503	0.6659658	0.6657647	0.6650169	0.6645947	0.5180675	0.2382721	0.03255225	0.02073739	0.0197535	0.01946531	0.01612565	0.01356565	0.01340487	0.01163504	0.01154698	0.01063997	0.009765438	0.004123886	0	0	0	0	0	0	0	0	0	0	0	0	
0.6996354	0.6977911	0.6904584	0.6832658	0.6818737	0.678867	0.6784278	0.6783397	0.6768442	0.6747683	0.6743705	0.670801	0.6695723	0.6693268	0.6678119	0.6677078	0.6664503	0.6659658	0.6657647	0.6650169	0.6645947	0.4194989	0.3157332	0.1373709	0.03946457	0.03773715	0.03215999	0.03123135	0.02909347	0.02893083	0.01810982	0.01674502	0.01265234	0.01263198	0.01126779	0.0110129	0.01016311	0.008953414	0.004901365	0.004176179	0	0	0	0	0	0	
0.6996354	0.6977911	0.6904584	0.6832658	0.6818737	0.678867	0.6784278	0.6783397	0.6768442	0.6747683	0.6743705	0.670801	0.6695723	0.6693268	0.6678119	0.6677078	0.6664503	0.6659658	0.6657647	0.6650169	0.5483745	0.3058884	0.1481353	0.03381205	0.02673878	0.02197619	0.01566732	0.01230425	0.01213265	0	0	0	0	0	0	0	0	0	0	0	0	0	0	0	0	0	
0.6996354	0.6977911	0.6904584	0.6832658	0.6818737	0.678867	0.6784278	0.6783397	0.6768442	0.6747683	0.6743705	0.670801	0.6695723	0.6693268	0.6678119	0.6677078	0.6664503	0.6659658	0.6657647	0.6650169	0.3846032	0.09503203	0.07394769	0.02541201	0.01967843	0.01644354	0.01520633	0.01388853	0.01187149	0.01159551	0.007047303	0.0058732	0.00532442	0.005068679	0	0	0	0	0	0	0	0	0	0	0	0	
0.6996354	0.6977911	0.6904584	0.6832658	0.6818737	0.678867	0.6784278	0.6783397	0.6768442	0.6747683	0.6743705	0.670801	0.6695723	0.6693268	0.6678119	0.6677078	0.6664503	0.6659658	0.6657647	0.6652294	0.6650169	0.05623826	0.02667806	0.02310355	0.0213802	0.01532782	0.01407487	0.01113804	0.008755499	0.00691203	0.002507316	0	0	0	0	0	0	0	0	0	0	0	0	0	0	0	
0.6996354	0.6977911	0.6904584	0.6832658	0.6818737	0.678867	0.6784278	0.6783397	0.6768442	0.6747683	0.6743705	0.670801	0.6695723	0.6693268	0.6678119	0.6677078	0.6664503	0.6659658	0.6657647	0.6652294	0.4137574	0.04268936	0.0234988	0.01867867	0.01834498	0.01593523	0.01583744	0.01288433	0.0121663	0.01023533	0	0	0	0	0	0	0	0	0	0	0	0	0	0	0	0	
0.6996354	0.6977911	0.6904584	0.6837872	0.6832658	0.6818737	0.678867	0.6784278	0.6783397	0.6768442	0.6747683	0.6743705	0.670801	0.6695723	0.6693268	0.6678119	0.6677078	0.6664503	0.6659658	0.6657647	0.6652294	0.5454823	0.04539562	0.02898116	0.02064583	0.01996746	0.01750572	0.01554838	0.0131451	0.01299735	0.0116912	0.01164026	0.01005459	0.008474765	0.00444803	0.002782802	7.243285E-05	0	0	0	0	0	0	0	0	0	
0.6996354	0.6977911	0.6904584	0.6837872	0.6832658	0.6818737	0.678867	0.6784278	0.6783397	0.6768442	0.6747683	0.6743705	0.670801	0.6695723	0.6693268	0.6678119	0.6677078	0.6664503	0.6659658	0.6657647	0.6131298	0.5428792	0.41605	0.3542949	0.07040315	0.03399849	0.02513019	0.0214057	0.01579403	0.0149241	0.01322895	0.01300858	0.007350463	0.007110722	0	0	0	0	0	0	0	0	0	0	0	0	
0.6996354	0.6977911	0.6904584	0.6837872	0.6832658	0.6818737	0.678867	0.6784278	0.6783397	0.6768442	0.6747683	0.6743705	0.670801	0.6695723	0.6693268	0.6678119	0.6677078	0.6664503	0.6659658	0.6657647	0.1111465	0.03599831	0.03116929	0.02490957	0.02232455	0.02082591	0.01742384	0.01701002	0.01372539	0.01235999	0.01227266	0.01047595	0.009703976	0.0082701	0.007213986	0	0	0	0	0	0	0	0	0	0	0	
0.7076589	0.6996354	0.6977911	0.6904584	0.6837872	0.6832658	0.6818737	0.678867	0.6784278	0.6783397	0.6768442	0.6747683	0.6743705	0.670801	0.6695723	0.6693268	0.6678119	0.6677078	0.6664503	0.6659658	0.6657647	0.5382934	0.470336	0.05639023	0.04932499	0.04115755	0.02868578	0.02557059	0.01813601	0.01281511	0.0110905	0.005562181	0	0	0	0	0	0	0	0	0	0	0	0	0	0	
0.7076589	0.6996354	0.6977911	0.6904584	0.6837872	0.6832658	0.6818737	0.678867	0.6784278	0.6783397	0.6768442	0.6747683	0.6743705	0.670801	0.6695723	0.6693268	0.6678119	0.6677078	0.6664503	0.6659658	0.6459937	0.393941	0.1197122	0.02933753	0.02342393	0.01756773	0.01642774	0.01385293	0.01380164	0.01099512	0.01074215	0.01010157	0.006023685	0.00396369	0	0	0	0	0	0	0	0	0	0	0	0	
0.7076589	0.6996354	0.6977911	0.6904584	0.6837872	0.6832658	0.6818737	0.678867	0.6784278	0.6783397	0.6768442	0.6747683	0.6743705	0.670801	0.6695723	0.6693268	0.6678119	0.6677078	0.6664503	0.6659658	0.4145375	0.03672325	0.03254074	0.02264329	0.01901497	0.01128262	0.0110291	0.007634833	0.0066968	0.0004252827	0	0	0	0	0	0	0	0	0	0	0	0	0	0	0	0	
0.7076589	0.6996354	0.6977911	0.6904584	0.6838371	0.6837872	0.6832658	0.6818737	0.678867	0.6784278	0.6783397	0.6768442	0.6747683	0.6743705	0.670801	0.6695723	0.6693268	0.6678119	0.6677078	0.6664503	0.6659658	0.5578156	0.06489667	0.03183726	0.02907556	0.02750003	0.02628779	0.02449917	0.02398635	0.01970917	0.01482348	0.01149621	0.01053784	0.008890255	0.007031323	0	0	0	0	0	0	0	0	0	0	0	
0.7076589	0.6996354	0.6977911	0.6904584	0.6842057	0.6838371	0.6837872	0.6832658	0.6818737	0.6799128	0.678867	0.6784278	0.6783397	0.6768442	0.6747683	0.6743705	0.670801	0.6695723	0.6693268	0.6678119	0.6677078	0.6664503	0.06292196	0.03072107	0.02899862	0.02867369	0.02462276	0.0221735	0.02060636	0.01993457	0.0157564	0.01270249	0.01188015	0.009372897	0.00667009	0	0	0	0	0	0	0	0	0	0	0	
0.7076589	0.6996354	0.6977911	0.6904584	0.6842057	0.6838371	0.6837872	0.6832658	0.6818737	0.6799128	0.678867	0.6784278	0.6783397	0.6768442	0.6747683	0.6743705	0.670801	0.6695723	0.6693268	0.6678119	0.6096909	0.599399	0.04761606	0.03402075	0.02930606	0.02884152	0.0250043	0.02418868	0.02198923	0.02134248	0.02094724	0.02019106	0.01399888	0.01112131	0	0	0	0	0	0	0	0	0	0	0	0	
0.7076589	0.6996354	0.6977911	0.6904584	0.6842057	0.6838371	0.6837872	0.6832658	0.6818737	0.6799128	0.678867	0.6784278	0.6783397	0.6768442	0.6747683	0.6743705	0.670801	0.6695723	0.6693268	0.6678119	0.5692577	0.5532994	0.5531193	0.4761426	0.4193376	0.1786437	0.0607709	0.05382134	0.04948035	0.01238117	0.01215984	0.01214114	0	0	0	0	0	0	0	0	0	0	0	0	0	0	
0.7076589	0.6996354	0.6977911	0.6904584	0.6842057	0.6838371	0.6837872	0.6832658	0.6818737	0.6799128	0.678867	0.6784278	0.6783397	0.6768442	0.6747683	0.6743705	0.670801	0.6695723	0.6693268	0.6678119	0.4659838	0.380446	0.1164912	0.07337176	0.06767157	0.02724916	0.01595838	0.01118159	0.01083716	0.01057567	0.009629608	0.009500883	0	0	0	0	0	0	0	0	0	0	0	0	0	0	
0.7076589	0.6996354	0.6977911	0.6904584	0.6842057	0.6838371	0.6837872	0.6832658	0.6818737	0.6799128	0.678867	0.6784278	0.6783397	0.6768442	0.6747683	0.6743705	0.670801	0.6695723	0.6693268	0.6678119	0.05274567	0.04882912	0.02375163	0.0225426	0.01444661	0.01405902	0.01202142	0.009912062	0.007726359	0	0	0	0	0	0	0	0	0	0	0	0	0	0	0	0	0	
0.7076589	0.6996354	0.6977911	0.6904584	0.6842057	0.6838371	0.6837872	0.6832658	0.6818737	0.6799128	0.678867	0.6784278	0.6783397	0.6768442	0.6747683	0.6743705	0.670801	0.6695723	0.6693268	0.6678119	0.3497424	0.04475258	0.03561017	0.03098869	0.02620045	0.02266042	0.01877001	0.01875099	0.01822413	0.0120947	0.009549837	0.009154205	0.007903697	0	0	0	0	0	0	0	0	0	0	0	0	0	
0.7076589	0.6996354	0.6977911	0.6904584	0.6842057	0.6838371	0.6837872	0.6832658	0.6826807	0.6818737	0.6799128	0.678867	0.6784278	0.6783397	0.6768442	0.6747683	0.6743705	0.670801	0.6695723	0.6693268	0.6678119	0.6626478	0.4954634	0.2312365	0.05724242	0.02351977	0.02158511	0.01811882	0.01347923	0.01219679	0.01094545	0.01041544	0.009825383	0.007717011	0	0	0	0	0	0	0	0	0	0	0	0	
0.7076589	0.6996354	0.6977911	0.6904584	0.6842057	0.6838371	0.6837872	0.6832658	0.6826807	0.6818737	0.6799128	0.678867	0.6784278	0.6783397	0.6768442	0.6747683	0.6743705	0.6722736	0.670801	0.6695723	0.6693268	0.6324027	0.02104481	0.01605177	0.01590972	0.01375668	0.01372753	0.01259844	0.01140462	0.01059826	0.007504787	0.007074907	0	0	0	0	0	0	0	0	0	0	0	0	0	0	
0.7076589	0.6996354	0.6977911	0.6904584	0.6842057	0.6838371	0.6837872	0.6832658	0.6826807	0.6818737	0.6799128	0.678867	0.6784278	0.6783397	0.6768442	0.6747683	0.6743705	0.6722736	0.670801	0.6695723	0.06939236	0.02722023	0.02550058	0.01545118	0.01380151	0.008170577	0.006298893	0	0	0	0	0	0	0	0	0	0	0	0	0	0	0	0	0	0	0	
0.7076589	0.6996354	0.6977911	0.6904584	0.6842057	0.6838371	0.6837872	0.6832658	0.6826807	0.6818737	0.6799128	0.678867	0.6784278	0.6783397	0.6768442	0.6747683	0.6743705	0.6722736	0.670801	0.6695723	0.5171726	0.4806431	0.02747967	0.01775982	0.01645001	0.01582976	0.01488065	0.01065	0.01052883	0.00580686	0	0	0	0	0	0	0	0	0	0	0	0	0	0	0	0	
0.7076589	0.6996354	0.6977911	0.6904584	0.6842057	0.6838371	0.6837872	0.6832658	0.6826807	0.6818737	0.6799128	0.678867	0.6784278	0.6783397	0.6768442	0.6747683	0.6743705	0.6722736	0.670801	0.6695723	0.4910984	0.1762173	0.03387263	0.02951642	0.0246342	0.02057201	0.01442308	0.01288117	0.01280006	0.01265898	0.01218034	0.008381474	0	0	0	0	0	0	0	0	0	0	0	0	0	0	
0.7076589	0.6996354	0.6977911	0.6904584	0.6842057	0.6838371	0.6837872	0.6832658	0.6826807	0.6818737	0.6799128	0.678867	0.6784278	0.6783397	0.6768442	0.6747683	0.6743705	0.6722736	0.670801	0.6695723	0.6393608	0.6389872	0.5219707	0.03471906	0.03006047	0.02896319	0.02775928	0.0248669	0.02077916	0.02041965	0.01980845	0.01556526	0.01493186	0.01290041	0.009966761	0.003475125	0	0	0	0	0	0	0	0	0	0	
0.7076589	0.6996354	0.6977911	0.6904584	0.6842057	0.6838371	0.6837872	0.6832658	0.6826807	0.6818737	0.6799128	0.678867	0.6784278	0.6783397	0.6768442	0.6747683	0.6743705	0.6722736	0.670801	0.6695723	0.03041796	0.02684119	0.02116771	0.01636686	0.01622312	0.01615681	0.01411904	0.01239273	0.009888802	0.005506852	0	0	0	0	0	0	0	0	0	0	0	0	0	0	0	0	
0.7076589	0.6996354	0.6977911	0.6904584	0.6842057	0.6838371	0.6837872	0.6832658	0.6826807	0.6818737	0.6799128	0.678867	0.6784278	0.6783397	0.6770626	0.6768442	0.6747683	0.6743705	0.6722736	0.670801	0.6695723	0.6297329	0.3373505	0.114867	0.09146699	0.02466022	0.01938879	0.01761895	0.01746693	0.01544836	0.01487555	0.01449402	0.0132979	0.01229361	0.01086039	0.007742584	0.006836294	0.004263218	0	0	0	0	0	0	0	0	
0.7076589	0.7008917	0.6996354	0.6977911	0.6904584	0.6842057	0.6838371	0.6837872	0.6832658	0.6826807	0.6818737	0.6799128	0.678867	0.6784278	0.6783397	0.6770626	0.6768442	0.6747683	0.6743705	0.6722736	0.670801	0.5066482	0.3047	0.03456028	0.03049292	0.02011377	0.01790268	0.01641318	0.01361667	0.01151942	0.01073997	0.009562648	0	0	0	0	0	0	0	0	0	0	0	0	0	0	
0.7076589	0.7008917	0.6996354	0.6977911	0.6904584	0.6842057	0.6838371	0.6837872	0.6832658	0.6826807	0.6818737	0.6799128	0.678867	0.6784278	0.6783397	0.6770626	0.6768442	0.6747683	0.6743705	0.6722736	0.2695715	0.09265642	0.06245403	0.03163496	0.02734335	0.0267495	0.01440441	0.01239229	0.0118062	0.01002558	0.009221392	0.004542553	0	0	0	0	0	0	0	0	0	0	0	0	0	0	
0.7076589	0.7008917	0.6996354	0.6977911	0.6904584	0.6842057	0.6838371	0.6837872	0.6832658	0.6826807	0.6818737	0.6799128	0.678867	0.6784278	0.6783397	0.6770626	0.6768442	0.6747683	0.6743705	0.6722736	0.6692691	0.5184156	0.3074966	0.04352712	0.02857889	0.02067229	0.015144	0.01464258	0.01343444	0.01221538	0.01090785	0.009583001	0	0	0	0	0	0	0	0	0	0	0	0	0	0	
0.7076589	0.7008917	0.6996354	0.6977911	0.6904584	0.6842057	0.6838371	0.6837872	0.6832658	0.6826807	0.6818737	0.6799128	0.678867	0.6784278	0.6783397	0.6770626	0.6768442	0.6747683	0.6743705	0.6722736	0.6710345	0.4963675	0.06678075	0.05705372	0.03232918	0.01954105	0.01701028	0.0140445	0.01084985	0.00409162	0.002200758	0.0005467236	0	0	0	0	0	0	0	0	0	0	0	0	0	0	
0.7076589	0.7016107	0.7008917	0.6996354	0.6977911	0.6904584	0.6842057	0.6838371	0.6837872	0.6832658	0.6826807	0.6818737	0.6799128	0.678867	0.6784278	0.6783397	0.6770626	0.6768442	0.6747683	0.6743705	0.6722736	0.3876843	0.05083695	0.03138498	0.02180111	0.02086706	0.0183027	0.01726452	0.01309688	0.0130581	0.01261976	0.01151135	0.01021112	0.009343919	0.009305432	0.003617649	0	0	0	0	0	0	0	0	0	0	
0.7076589	0.7016107	0.7008917	0.6996354	0.6977911	0.6904584	0.6842057	0.6838371	0.6837872	0.6832658	0.6826807	0.6818737	0.6815925	0.6799128	0.678867	0.6784278	0.6783397	0.6770626	0.6768442	0.6747683	0.6743705	0.6633549	0.5194433	0.03366336	0.02875049	0.02309906	0.02307036	0.01884678	0.01757725	0.01683347	0.01658565	0.0144829	0.01395843	0.01365115	0.01332896	0.01218153	0.01043658	0	0	0	0	0	0	0	0	0	
0.7076589	0.7016107	0.7008917	0.6996354	0.6977911	0.6904584	0.6842057	0.6838371	0.6837872	0.6832658	0.6826807	0.6818737	0.6815925	0.6799128	0.678867	0.6784278	0.6783397	0.6770626	0.6768442	0.6747683	0.5124992	0.1053445	0.08317161	0.05667524	0.04232325	0.03762586	0.03133741	0.03030789	0.0264562	0.02549493	0.02301484	0.01411894	0.01313727	0.01038199	0.009490349	0.004227809	0	0	0	0	0	0	0	0	0	0	
0.7076589	0.7016107	0.7008917	0.6996354	0.6977911	0.6904584	0.6842057	0.6838371	0.6837872	0.6832658	0.6826807	0.6818737	0.6815925	0.6799128	0.678867	0.6784278	0.6783397	0.6770626	0.6768442	0.6747683	0.5298054	0.0975905	0.04920006	0.02971779	0.01686624	0.01303721	0.01025094	0.009451755	0.007975095	0	0	0	0	0	0	0	0	0	0	0	0	0	0	0	0	0	
0.7076589	0.7016107	0.7008917	0.6996354	0.6977911	0.6904584	0.6842057	0.6838371	0.6837872	0.6832658	0.6826807	0.6818737	0.6815925	0.6805661	0.6799128	0.678867	0.6784278	0.6783397	0.6770626	0.6768442	0.6747683	0.6368088	0.3135399	0.07607698	0.03203272	0.02294133	0.01434392	0.01097768	0.01055632	0.009758306	0.009369064	0.006703544	0.006560931	0	0	0	0	0	0	0	0	0	0	0	0	0	
0.7076589	0.7016107	0.7008917	0.6996354	0.6977911	0.6904584	0.6842057	0.6838371	0.6837872	0.6832658	0.6826807	0.6818737	0.6815925	0.6805661	0.6799128	0.678867	0.6784278	0.6783397	0.6770626	0.6768442	0.08070873	0.03769629	0.03357399	0.03120913	0.03068918	0.02791091	0.02513192	0.02358598	0.02088284	0.0152016	0.0145519	0.01189783	0.01162383	0.009368055	0.007724062	0.00463509	0	0	0	0	0	0	0	0	0	0	
0.7076589	0.7016107	0.7008917	0.6996354	0.6977911	0.6904584	0.6842057	0.6838371	0.6837872	0.6832658	0.6826807	0.6818737	0.6815925	0.6805661	0.6799128	0.678867	0.6784278	0.6783397	0.6770626	0.6768442	0.6685114	0.2002749	0.1126747	0.04118497	0.02718026	0.02676488	0.02544506	0.01910492	0.0143293	0.01213452	0.01199748	0.01087629	0.01051571	0.008303508	0	0	0	0	0	0	0	0	0	0	0	0	
0.7076589	0.7016107	0.7008917	0.6996354	0.6977911	0.6904584	0.6842057	0.6838371	0.6837872	0.6832658	0.6826807	0.6818737	0.6815925	0.6805661	0.6799128	0.678867	0.6784278	0.6783397	0.6770626	0.6768442	0.3909212	0.02859245	0.02780379	0.0217893	0.0196983	0.01624247	0.01178878	0.01150806	0.01146853	0.01107174	0.00779716	0.004016837	0	0	0	0	0	0	0	0	0	0	0	0	0	0	
0.7076589	0.7016107	0.7008917	0.6996354	0.6977911	0.6904584	0.6842057	0.6838371	0.6837872	0.6832658	0.6826807	0.6818737	0.6815925	0.6805661	0.6799128	0.678867	0.6784278	0.6783397	0.6770626	0.6768442	0.5965492	0.08970238	0.03347123	0.0306984	0.02894592	0.0277543	0.02469051	0.02080024	0.01884853	0.01725408	0.01377514	0.01319474	0.01260625	0.009910544	0.008081963	0.006571638	0	0	0	0	0	0	0	0	0	0	
0.7076589	0.7016107	0.7008917	0.6996354	0.6977911	0.6904584	0.6842057	0.6838371	0.6837872	0.6832658	0.6826807	0.6818737	0.6815925	0.6805661	0.6799128	0.678867	0.6784278	0.6783397	0.6770626	0.6768442	0.1077119	0.04908662	0.04902726	0.03371587	0.03247436	0.03172173	0.02652223	0.01837563	0.01833362	0.01406758	0.009079805	0.006189873	0	0	0	0	0	0	0	0	0	0	0	0	0	0	
0.7076589	0.7016107	0.7008917	0.6996354	0.6977911	0.6906989	0.6904584	0.6842057	0.6838371	0.6837872	0.6832658	0.6826807	0.6818737	0.6815925	0.6805661	0.6799128	0.678867	0.6784278	0.6783397	0.6774302	0.6770626	0.6768442	0.3673889	0.276074	0.2300877	0.02615625	0.01559796	0.014805	0.01018308	0.007016608	0.005810936	0	0	0	0	0	0	0	0	0	0	0	0	0	0	0	
0.7076589	0.7016107	0.7008917	0.6996354	0.6977911	0.6906989	0.6904584	0.6842057	0.6838371	0.6837872	0.6832658	0.6826807	0.6818737	0.6815925	0.6805661	0.6799128	0.678867	0.6784278	0.6783397	0.6774302	0.6765517	0.5203218	0.5100938	0.3965737	0.05515831	0.03098197	0.02730979	0.02694649	0.02276639	0.021424	0.01945764	0.0166668	0.01171409	0.008848939	0	0	0	0	0	0	0	0	0	0	0	0	
0.7076589	0.7016107	0.7008917	0.6996354	0.6977911	0.6906989	0.6904584	0.6842057	0.6838371	0.6837872	0.6832658	0.6826807	0.6818737	0.6815925	0.6805661	0.6799128	0.678867	0.6784278	0.6783397	0.6774302	0.4272279	0.1579683	0.02741512	0.02641187	0.02174099	0.02163591	0.02053995	0.01811465	0.01762524	0.01728675	0.0146171	0.01210312	0.011855	0.01129504	0.01106231	0.009904252	0.004923664	0	0	0	0	0	0	0	0	0	
0.7076589	0.7016107	0.7008917	0.6996354	0.6977911	0.6906989	0.6904584	0.6842057	0.6838371	0.6837872	0.6832658	0.6826807	0.6818737	0.6815925	0.6805661	0.6799128	0.678867	0.6784278	0.6783397	0.6774302	0.640625	0.5975532	0.5107522	0.02549591	0.01210242	0.01207849	0.01202929	0.01089516	0.01088918	0.01086065	0.01056902	0.01049735	0.009769931	0.009163087	0	0	0	0	0	0	0	0	0	0	0	0	
0.7076589	0.7016107	0.7008917	0.6996354	0.6977911	0.6906989	0.6904584	0.6842057	0.6838371	0.6837872	0.6832658	0.6826807	0.6818737	0.6815925	0.6805661	0.6799128	0.678867	0.6784278	0.6783397	0.6774302	0.6770637	0.6153376	0.07559672	0.03114136	0.02570727	0.02457793	0.02425695	0.02275593	0.02177558	0.01433928	0.0129718	0.01161469	0.0115291	0.01043408	0.004604632	0	0	0	0	0	0	0	0	0	0	0	
0.7076589	0.7016107	0.7008917	0.6996354	0.6977911	0.6906989	0.6904584	0.6842057	0.6838371	0.6837872	0.6832658	0.6826807	0.6818737	0.6815925	0.6805661	0.6799128	0.678867	0.6784278	0.6783397	0.6774302	0.6692367	0.5764462	0.5441135	0.03024065	0.02812986	0.02569961	0.0188255	0.01518633	0.01213076	0.0118683	0.01107022	0.01102467	0.01051559	0.008071196	0.004710886	0.00468582	0	0	0	0	0	0	0	0	0	0	
0.7076589	0.7016107	0.7008917	0.6996354	0.6977911	0.6906989	0.6904584	0.6842057	0.6838371	0.6837872	0.6832658	0.6826807	0.6818737	0.6815925	0.6805661	0.6799128	0.678867	0.6784278	0.6783397	0.6774302	0.6662291	0.1466215	0.02999408	0.01901781	0.01831593	0.01712438	0.01621162	0.01438374	0.01376032	0.01124443	0.009993267	0.009841889	0.009698827	0.009062964	0.003034862	0	0	0	0	0	0	0	0	0	0	0	
0.7076589	0.7016107	0.7008917	0.6996354	0.6977911	0.6906989	0.6904584	0.6882775	0.6842057	0.6838371	0.6837872	0.6832658	0.6826807	0.6818737	0.6815925	0.6805661	0.6799128	0.678867	0.6784278	0.6783397	0.6774302	0.6517231	0.07790241	0.0406189	0.02873005	0.02330896	0.02186603	0.02180748	0.02008581	0.01480871	0.0128595	0.01079128	0.01029491	0.009112391	0	0	0	0	0	0	0	0	0	0	0	0	
0.7076589	0.7016107	0.7008917	0.6996354	0.6977911	0.6906989	0.6904584	0.6882775	0.6842057	0.6838371	0.6837872	0.6832658	0.6826807	0.6818737	0.6815925	0.6805661	0.6799128	0.678867	0.6784278	0.6783397	0.4553931	0.1146782	0.02151072	0.01764206	0.01602595	0.01576764	0.01307592	0.01229217	0.009671789	0.009255623	0.0086209	0.004486563	0	0	0	0	0	0	0	0	0	0	0	0	0	0	
0.7076589	0.7016107	0.7008917	0.6996354	0.6977911	0.6906989	0.6904584	0.6882775	0.6842057	0.6838371	0.6837872	0.6832658	0.6826807	0.6818737	0.6815925	0.6805661	0.6799128	0.678867	0.6787924	0.6784278	0.6783397	0.4636887	0.06723641	0.04278802	0.03268059	0.02489161	0.02196961	0.02079612	0.01864679	0.01225461	0.01168034	0.01046938	0.01037667	0.009208332	0.008160386	0	0	0	0	0	0	0	0	0	0	0	
0.7076589	0.7016107	0.7008917	0.6996354	0.6977911	0.6906989	0.6904584	0.6882775	0.6842057	0.6838371	0.6837872	0.6832658	0.6826807	0.6818737	0.6815925	0.6805661	0.6799128	0.678867	0.6787924	0.6784278	0.03312494	0.02540711	0.02321353	0.02235523	0.0213562	0.01473211	0.01328458	0.0127837	0.01258398	0.01095648	0	0	0	0	0	0	0	0	0	0	0	0	0	0	0	0	
0.7076589	0.7016107	0.7008917	0.6996354	0.6977911	0.6906989	0.6904584	0.6885456	0.6882775	0.6842057	0.6838371	0.6837872	0.6832658	0.6826807	0.6818737	0.6815925	0.6805661	0.6799128	0.678867	0.6787924	0.6784278	0.0304344	0.02231582	0.02140798	0.01886109	0.0177948	0.01637835	0.01446662	0.01300709	0.01255533	0.0124321	0.01186573	0.01049871	0.00955824	0.008426418	0	0	0	0	0	0	0	0	0	0	0	
0.7076589	0.7016107	0.7008917	0.6996354	0.6977911	0.6906989	0.6904584	0.6885456	0.6882775	0.6842057	0.6838371	0.6837872	0.6832658	0.6826807	0.6818737	0.6815925	0.6805661	0.6799128	0.678867	0.6787924	0.06159956	0.04100134	0.02917193	0.02819047	0.02548249	0.02257146	0.02120795	0.01688439	0.01390464	0.01139141	0.01039633	0.01028765	0.007872198	0.007172386	0.006924943	0.005744882	0.005615962	0.0016581	0	0	0	0	0	0	0	0	
0.7076589	0.7016107	0.7008917	0.6996354	0.6977911	0.6906989	0.6904584	0.6885456	0.6882775	0.6842057	0.6838371	0.6837872	0.6832658	0.6826807	0.6818737	0.6815925	0.6805661	0.6799128	0.678867	0.6787924	0.4614403	0.09589161	0.08826057	0.06400444	0.02695751	0.02328737	0.02079387	0.01937966	0.01597117	0.0137147	0.01327914	0.01190834	0.01107881	0.0100821	0.009457216	0.008179023	0	0	0	0	0	0	0	0	0	0	
0.7076589	0.7016107	0.7008917	0.6996354	0.6977911	0.6906989	0.6904584	0.6885456	0.6882775	0.6842057	0.6838371	0.6837872	0.6832658	0.6826807	0.6818737	0.6815925	0.6805661	0.6799128	0.678867	0.6787924	0.1069796	0.07671851	0.04888625	0.03510096	0.02703252	0.02680352	0.02349485	0.02109621	0.01599941	0.01394266	0.01167746	0.01060901	0.01056827	0.008653203	0.007188227	0	0	0	0	0	0	0	0	0	0	0	
0.7076589	0.7016107	0.7008917	0.6996354	0.6977911	0.6906989	0.6904584	0.6885456	0.6882775	0.6842057	0.6838371	0.6837872	0.6832658	0.6826807	0.6818737	0.6815925	0.6805661	0.6799128	0.678867	0.6787924	0.1930764	0.1468859	0.04065482	0.01923892	0.017548	0.01228816	0.0112889	0.0108975	0.001716604	0	0	0	0	0	0	0	0	0	0	0	0	0	0	0	0	0	
0.7076589	0.7016107	0.7008917	0.6996354	0.6977911	0.6906989	0.6904584	0.6885456	0.6882775	0.6842057	0.6838371	0.6837872	0.6832658	0.6826807	0.6818737	0.6815925	0.6805661	0.6799128	0.678867	0.6787924	0.5976593	0.399365	0.3940406	0.2802848	0.2119333	0.05930816	0.04313101	0.02358791	0.02286965	0.02203542	0.01126678	0.009750345	0.00968524	0.008288787	0.003076117	0	0	0	0	0	0	0	0	0	0	0	
0.7076589	0.7016107	0.7008917	0.6996354	0.6977911	0.6906989	0.6904584	0.6885456	0.6882775	0.6842057	0.6838371	0.6837872	0.6832658	0.6826807	0.6818737	0.6815925	0.6805661	0.6799128	0.678867	0.6787924	0.02632661	0.02450057	0.01865273	0.01651262	0.01555827	0.01518039	0.01367877	0.01275917	0.0126193	0.01252816	0.01252633	0.01203028	0.01058686	0	0	0	0	0	0	0	0	0	0	0	0	0	
0.7076589	0.7016107	0.7008917	0.6996354	0.6977911	0.6906989	0.6904584	0.6885456	0.6882775	0.6842057	0.6838371	0.6837872	0.6832658	0.6826807	0.6818737	0.6815925	0.6805661	0.6799128	0.678867	0.6787924	0.6683838	0.02862365	0.02724339	0.02463133	0.02373273	0.02172115	0.02046208	0.01699407	0.0118855	0.01045333	0.009240097	0.009238278	0.00631497	0	0	0	0	0	0	0	0	0	0	0	0	0	
0.7076589	0.7016107	0.7008917	0.6996354	0.6977911	0.6906989	0.6904584	0.6885456	0.6882775	0.6842057	0.6838371	0.6837872	0.6832658	0.6826807	0.6818737	0.6815925	0.6805661	0.6799128	0.678867	0.6787924	0.6076198	0.3183278	0.06671299	0.06267584	0.04394859	0.02882546	0.01707418	0.0130259	0.007664371	0.007519151	0	0	0	0	0	0	0	0	0	0	0	0	0	0	0	0	
0.7076589	0.7016107	0.7008917	0.6996354	0.6977911	0.6906989	0.6904584	0.6885456	0.6882775	0.6842057	0.6838371	0.6837872	0.6832658	0.6826807	0.6818737	0.6815925	0.6805661	0.6799128	0.678867	0.6787924	0.1750792	0.02857477	0.02128	0.01407842	0.01332219	0.01263	0.01216233	0.01206608	0.01195764	0.01180058	0.01075932	0.01056549	0.009510878	0.008061551	0.003997426	0	0	0	0	0	0	0	0	0	0	0	
0.7076589	0.7016107	0.7008917	0.6996354	0.6977911	0.6906989	0.6904584	0.6885456	0.6882775	0.6842057	0.6838371	0.6837872	0.6832658	0.6826807	0.6818737	0.6815925	0.6805661	0.6799128	0.678867	0.6787924	0.1947479	0.02704312	0.02700904	0.01782311	0.01361343	0.01284641	0.01277362	0.0125268	0.01239117	0.01211218	0.007219622	0.005231103	0	0	0	0	0	0	0	0	0	0	0	0	0	0	
0.7076589	0.7016107	0.7008917	0.6996354	0.6977911	0.6906989	0.6904584	0.6885456	0.6882775	0.6842057	0.6838371	0.6837872	0.6832658	0.6826807	0.6818737	0.6815925	0.6805661	0.6799128	0.678867	0.6787924	0.6407661	0.04427406	0.0359582	0.02782238	0.02003492	0.019182	0.01528656	0.01382374	0.01354218	0.01043365	0.008969281	0.004567439	0	0	0	0	0	0	0	0	0	0	0	0	0	0	
0.7076589	0.7016107	0.7008917	0.6996354	0.6977911	0.6906989	0.6904584	0.6885456	0.6882775	0.6842057	0.6838371	0.6837872	0.6832658	0.6826807	0.6818737	0.6815925	0.6805661	0.6799128	0.678867	0.6787924	0.581563	0.02209297	0.01960571	0.01945085	0.01855729	0.01363771	0.01181537	0.01131151	0.01117308	0.009144846	0.004853311	0	0	0	0	0	0	0	0	0	0	0	0	0	0	0	
0.7076589	0.7016107	0.7008917	0.6996354	0.6977911	0.6906989	0.6904584	0.6885456	0.6882775	0.6842057	0.6838371	0.6837872	0.6832658	0.6826807	0.6821958	0.6818737	0.6815925	0.6805661	0.6799128	0.678867	0.6787924	0.6597878	0.653712	0.2538026	0.02892877	0.02483463	0.01985141	0.01671946	0.0160321	0.0139875	0.01385593	0.01138376	0.009820036	0	0	0	0	0	0	0	0	0	0	0	0	0	
0.7076589	0.7016107	0.7008917	0.6996354	0.6977911	0.6906989	0.6904584	0.6885456	0.6882775	0.6861033	0.6842057	0.6838371	0.6837872	0.6832658	0.6826807	0.6821958	0.6818737	0.6815925	0.6805661	0.6799128	0.678867	0.4916206	0.392794	0.07711019	0.03189167	0.03175068	0.02747577	0.02492383	0.0231146	0.01718708	0.01170606	0.009286672	0.007283184	0	0	0	0	0	0	0	0	0	0	0	0	0	
0.7076589	0.7016107	0.7008917	0.6996354	0.6977911	0.6906989	0.6904584	0.6885456	0.6882775	0.6861033	0.6842057	0.6838371	0.6837872	0.6832658	0.6826807	0.6821958	0.6818737	0.6815925	0.6805661	0.6799128	0.4531194	0.05123119	0.0308991	0.02973765	0.0180452	0.01723681	0.01434259	0.0132443	0.009240663	0.008019872	0.006145256	0	0	0	0	0	0	0	0	0	0	0	0	0	0	0	
0.7076589	0.7016107	0.7008917	0.6996354	0.6977911	0.6906989	0.6904584	0.6885456	0.6882775	0.6861033	0.6842057	0.6838371	0.6837872	0.6832658	0.6826807	0.6821958	0.6818737	0.6815925	0.6805661	0.6799128	0.5417233	0.4294336	0.05363311	0.05285618	0.04192697	0.03047795	0.02580717	0.02475778	0.01424738	0.01356903	0.01224913	0.0104137	0.009350725	0.008710615	0.005956717	0	0	0	0	0	0	0	0	0	0	0	
0.7076589	0.7016107	0.7008917	0.6996354	0.6977911	0.6906989	0.6904584	0.6885456	0.6882775	0.6861033	0.6842057	0.6838371	0.6837872	0.6832658	0.6826807	0.6821958	0.6818737	0.6815925	0.6805661	0.6799128	0.5863015	0.4852653	0.0521269	0.04455655	0.0212174	0.02041884	0.01984053	0.01805726	0.01754502	0.0161798	0.0154592	0.0109594	0.01089517	0.008573952	0.005246618	0.004259856	0	0	0	0	0	0	0	0	0	0	
0.7076589	0.7016107	0.7008917	0.6996354	0.6977911	0.6906989	0.6904584	0.6893225	0.6885456	0.6882775	0.6861033	0.6842057	0.6838371	0.6837872	0.6832658	0.6826807	0.6821958	0.6818737	0.6815925	0.6805661	0.6799128	0.02887794	0.0259383	0.02556945	0.02524128	0.02324396	0.02296438	0.02086648	0.01966129	0.01835567	0.01093119	0.01057658	0.009661418	0.00800523	0.007186776	0	0	0	0	0	0	0	0	0	0	0	
0.7076589	0.7016107	0.7008917	0.6996354	0.6977911	0.6906989	0.6904584	0.6893225	0.6885456	0.6882775	0.6861033	0.6842057	0.6838371	0.6837872	0.6832658	0.6826807	0.6821958	0.6818737	0.6815925	0.6805661	0.6626233	0.02665358	0.02396235	0.02225454	0.01878602	0.01471674	0.01089291	0.01002735	0.008927777	0.005028185	0.002459437	0	0	0	0	0	0	0	0	0	0	0	0	0	0	0	
0.7076589	0.7016107	0.7008917	0.6996354	0.6977911	0.6906989	0.6904584	0.6893225	0.6885456	0.6882775	0.6861033	0.6842057	0.6838371	0.6837872	0.6832658	0.6826807	0.6821958	0.6818737	0.6815925	0.6805661	0.6703194	0.63392	0.05584315	0.04752624	0.02213673	0.02156847	0.02151553	0.01855612	0.01624467	0.01225544	0.01185993	0.008627867	0.006388852	0	0	0	0	0	0	0	0	0	0	0	0	0	
0.7076589	0.7074981	0.7016107	0.7011218	0.7008917	0.6996354	0.6977911	0.6906989	0.6904584	0.6893225	0.6885456	0.6882775	0.6861033	0.6842057	0.6838371	0.6837872	0.6832658	0.6826807	0.6821958	0.6818737	0.6815925	0.6805661	0.6712624	0.06766684	0.05899986	0.02536367	0.01224745	0	0	0	0	0	0	0	0	0	0	0	0	0	0	0	0	0	0	0	
0.7076589	0.7074981	0.7016107	0.7011218	0.7008917	0.6996354	0.6977911	0.6906989	0.6904584	0.6893225	0.6885456	0.6882775	0.6861033	0.6842057	0.6838371	0.6837872	0.6832658	0.6826807	0.6821958	0.6818737	0.5973912	0.562371	0.05521517	0.04126557	0.029062	0.02415324	0.02097686	0.01991726	0.01841198	0.0167225	0.01507136	0.01381316	0.00952672	0.006256497	0	0	0	0	0	0	0	0	0	0	0	0	
0.7076589	0.7074981	0.7016107	0.7011218	0.7008917	0.6996354	0.6977911	0.6906989	0.6904584	0.6893225	0.6885456	0.6882775	0.6861033	0.6842057	0.6838371	0.6837872	0.6832658	0.6826807	0.6821958	0.6818737	0.6803938	0.0446278	0.02836561	0.02681382	0.02588204	0.01726787	0.01693866	0.01468247	0.01441016	0.01365519	0.01302998	0.0113107	0.01117002	0.009829175	0.00944876	0	0	0	0	0	0	0	0	0	0	0	
0.7076589	0.7074981	0.7016107	0.7011218	0.7008917	0.6996354	0.6977911	0.6906989	0.6904584	0.6893225	0.6885456	0.6882775	0.6861033	0.6842057	0.6838371	0.6837872	0.6832658	0.6826807	0.6821958	0.6818737	0.5273605	0.05651846	0.04751848	0.02683806	0.02611883	0.02555506	0.02443042	0.02283341	0.02217333	0.01856884	0.01485235	0.01475851	0.01381432	0.01361073	0.01118947	0	0	0	0	0	0	0	0	0	0	0	
0.7076589	0.7074981	0.7016107	0.7011218	0.7008917	0.6996354	0.6977911	0.6912816	0.6906989	0.6904584	0.6893225	0.6885456	0.6882775	0.6861033	0.6842057	0.6838371	0.6837872	0.6832658	0.6826807	0.6821958	0.6818737	0.443116	0.1161505	0.05612109	0.0298973	0.02528793	0.02327454	0.01327705	0.01308567	0.01286653	0.01237118	0.01175925	0.009982272	0.002255794	0	0	0	0	0	0	0	0	0	0	0	0	
0.7076589	0.7074981	0.7016107	0.7011218	0.7008917	0.6996354	0.6977911	0.6912816	0.6906989	0.6904584	0.6893225	0.6885456	0.6882775	0.6861033	0.6842057	0.6838371	0.6837872	0.6832658	0.6826807	0.6821958	0.6487558	0.1289041	0.03117903	0.02998872	0.02854249	0.02621668	0.02614995	0.02085573	0.01716882	0.01457959	0.0132582	0.01319059	0.007257273	0	0	0	0	0	0	0	0	0	0	0	0	0	
0.7076589	0.7074981	0.7016107	0.7011218	0.7008917	0.6996354	0.6993824	0.6977911	0.6912816	0.6906989	0.6904584	0.6893225	0.6885456	0.6882775	0.6861033	0.6842057	0.6838371	0.6837872	0.6832658	0.6826807	0.6821958	0.6105923	0.5002455	0.4920029	0.2903906	0.05611871	0.03581333	0.02438689	0.02364008	0.02329236	0.01358255	0.01198371	0.0106301	0.009775274	0.009725125	0.009510034	0.003076236	0	0	0	0	0	0	0	0	0	
0.7076589	0.7074981	0.7016107	0.7011218	0.7008917	0.6996354	0.6993824	0.6977911	0.6912816	0.6906989	0.6904584	0.6893225	0.6885456	0.6882775	0.6861033	0.6842057	0.6838371	0.6837872	0.6832658	0.6826807	0.06995194	0.06721319	0.02831911	0.02410573	0.02402522	0.01467429	0.01457862	0.01303891	0.01030869	0.0083696	0	0	0	0	0	0	0	0	0	0	0	0	0	0	0	0	
0.7076589	0.7074981	0.7016107	0.7011218	0.7008917	0.6996354	0.6993824	0.6977911	0.6912816	0.6906989	0.6904584	0.6893225	0.6885456	0.6882775	0.6861033	0.6842057	0.6838371	0.6837872	0.6832658	0.6826807	0.6766913	0.6734031	0.0991658	0.08105819	0.07433224	0.06850798	0.03503945	0.01901509	0.01826312	0.01648186	0.01569472	0.0152419	0.01459522	0.01342025	0.01226185	0.01043092	0.01038829	0.00749179	0.003317497	0	0	0	0	0	0	0	
0.7076589	0.7074981	0.7016107	0.7011218	0.7008917	0.6996354	0.6993824	0.6977911	0.6912816	0.6906989	0.6904584	0.6893225	0.6885456	0.6882775	0.6861033	0.6842057	0.6838371	0.6837872	0.6832658	0.6826807	0.6633655	0.2487512	0.2245189	0.030266	0.02860879	0.02721016	0.01925612	0.01627563	0.01563013	0.01558101	0.01312817	0.01299369	0.009478725	0.004132217	0.001316965	0	0	0	0	0	0	0	0	0	0	0	
0.7076589	0.7074981	0.7016107	0.7011218	0.7008917	0.6996354	0.6993824	0.6977911	0.6912816	0.6906989	0.6904584	0.6893225	0.6885456	0.6882775	0.6861033	0.6842057	0.6838371	0.6837872	0.6832658	0.6826807	0.09610905	0.05839793	0.02408244	0.02250467	0.02170742	0.01870102	0.01738179	0.01180716	0.01119016	0.01034854	0.007979989	0.005243089	0.0005287607	0	0	0	0	0	0	0	0	0	0	0	0	0	
0.7076589	0.7074981	0.7016107	0.7011218	0.7008917	0.6996354	0.6993824	0.6977911	0.6912816	0.6906989	0.6904584	0.6893225	0.6885456	0.6882775	0.6861033	0.6842057	0.6838371	0.6837872	0.6832658	0.6826807	0.5767846	0.4694678	0.1940201	0.03479497	0.03368086	0.02932115	0.01738214	0.01605002	0.01579624	0.01558763	0.01478644	0.01210887	0.01019867	0	0	0	0	0	0	0	0	0	0	0	0	0	
0.7076589	0.7074981	0.7016107	0.7011218	0.7008917	0.6996354	0.6993824	0.6977911	0.6912816	0.6906989	0.6904584	0.6893225	0.6885456	0.6882775	0.6861033	0.6842057	0.6838371	0.6837872	0.6832658	0.6826807	0.6746784	0.3209571	0.127026	0.1041414	0.04575219	0.02931849	0.02494298	0.02201824	0.01755185	0.01664962	0.01538419	0.01434683	0.01079998	0.009416799	0.0006341327	0	0	0	0	0	0	0	0	0	0	0	
0.7076589	0.7074981	0.7016107	0.7011218	0.7008917	0.6996354	0.6993824	0.6977911	0.6912816	0.6906989	0.6904584	0.6893225	0.6885456	0.6882775	0.6861033	0.6842057	0.6838371	0.6837872	0.6832658	0.6826807	0.449383	0.03308885	0.02880161	0.02542956	0.0223395	0.02030695	0.01816659	0.01421131	0.0141375	0.01386268	0.01138368	0.00712177	0.005902495	0.005439982	0	0	0	0	0	0	0	0	0	0	0	0	
0.7076589	0.7074981	0.7016107	0.7011218	0.7008917	0.6996354	0.6993824	0.6977911	0.6912816	0.6906989	0.6904584	0.6893225	0.6885456	0.6882775	0.6861033	0.6842057	0.6838371	0.6837872	0.6832658	0.6826807	0.6479947	0.5315629	0.4832754	0.1548008	0.03549939	0.03316761	0.01793234	0.01353844	0.01298805	0.01268008	0.01237749	0.0104091	0	0	0	0	0	0	0	0	0	0	0	0	0	0	
